Matrix 1:
1 0 0 0 0 1 0 0 0 0 0 0 0 0 0 0 0 0 0 0 0 0 0 1 1
0 0 0 0 0 1 0 0 0 1 0 0 0 1 0 0 1 0 1 0 1 0 0 0 1
0 0 1 0 0 0 0 0 0 0 0 0 0 1 0 0 0 1 1 0 0 0 0 0 0
0 1 1 0 0 1 1 0 0 0 0 0 0 0 0 0 1 0 0 0 0 0 0 1 0
1 0 1 1 0 1 0 1 0 1 0 0 0 0 0 0 1 0 0 0 0 0 0 0 1
0 0 0 1 0 0 0 0 0 0 0 1 1 1 0 1 0 0 0 0 0 0 0 0 0
0 1 1 0 1 0 1 1 0 0 0 0 0 0 0 0 1 1 1 1 0 1 0 1 1
0 1 0 0 1 0 0 0 0 0 0 0 1 0 1 1 1 0 1 1 0 0 1 0 0
0 0 0 0 0 0 0 0 0 1 0 0 1 0 1 0 0 1 1 0 0 1 0 0 0
1 0 0 0 1 0 0 0 0 0 0 0 0 1 0 0 0 1 1 1 0 1 1 1 0
1 0 1 0 0 0 0 0 0 0 0 0 0 0 0 1 0 0 0 0 0 0 0 0 0
1 0 0 0 1 0 0 0 0 0 1 1 0 0 0 1 0 0 0 0 0 0 0 1 0
1 0 0 0 0 1 0 0 0 0 0 0 1 0 0 0 0 0 0 1 0 0 1 0 1
0 0 0 0 0 0 0 1 1 0 0 0 0 0 0 0 0 0 1 0 1 1 0 0 0
1 0 1 0 0 0 1 1 0 1 0 1 1 0 0 0 1 0 0 0 0 0 0 0 0
1 3 0 1 0 0 0 1 0 0 0 0 0 0 0 0 1 0 0 0 1 0 0 1 0
1 0 1 1 0 0 0 0 1 0 0 0 0 0 0 0 0 1 0 1 0 0 0 0 0
0 1 1 0 0 0 0 1 0 0 0 1 0 1 1 0 1 1 1 0 1 1 0 0 0
1 0 0 1 0 1 0 1 0 1 0 1 0 0 0 1 1 0 1 1 0 1 0 2 0
1 0 1 1 0 1 0 0 0 0 1 0 0 1 0 1 0 0 0 1 0 0 1 1 0
0 0 0 0 1 0 1 0 0 0 0 1 0 1 0 0 1 0 0 0 1 0 0 1 1
0 0 0 0 0 0 0 0 0 0 1 0 0 0 0 0 1 0 0 0 1 0 0 0 1
1 0 0 0 1 0 0 1 0 0 0 0 1 1 0 0 0 1 0 0 0 0 0 0 0
1 0 0 0 1 0 0 0 1 1 0 0 0 0 1 0 0 1 0 1 0 1 1 0 1
1 0 1 1 0 0 0 0 0 0 0 0 0 1 1 0 0 1 0 0 0 0 0 0 0

Matrix 2:
0 0 0 1 0 0 0 0 0 1 0 1 1 1 1 0 1 0 0 0 1 0 0 1 0
1 1 0 1 0 0 0 0 0 0 1 0 0 0 0 0 1 0 1 1 0 1 0 0 0
0 0 0 0 0 1 0 1 0 0 0 0 0 0 0 0 0 1 0 0 1 0 1 1 1
0 0 0 0 1 0 1 0 1 0 0 0 0 0 1 1 0 0 1 0 0 0 0 0 0
0 1 0 0 0 0 0 0 1 0 1 0 1 0 0 0 0 0 1 0 1 1 1 0 0
1 1 0 0 1 0 0 0 0 1 0 0 1 1 0 1 0 0 0 0 1 0 0 0 0
0 0 0 1 0 0 1 0 0 1 0 0 1 0 0 0 1 0 0 0 0 1 0 0 0
0 1 0 0 1 0 1 0 0 0 0 1 1 1 1 0 0 1 0 0 0 1 1 0 0
0 0 1 0 0 0 1 0 0 1 0 1 1 0 0 0 1 0 0 0 0 0 0 1 0
0 1 1 0 1 0 1 0 0 0 0 0 1 1 1 0 0 1 1 0 1 0 0 0 1
0 0 0 1 0 0 1 0 1 0 1 0 0 1 0 0 0 1 0 0 3 0 0 2 0
1 1 0 0 0 0 0 0 0 0 0 0 0 0 1 0 1 1 0 0 1 0 1 1 1
1 0 0 1 1 0 0 0 1 1 1 1 0 0 0 0 0 1 0 0 0 0 0 0 1
1 1 0 0 0 0 1 0 1 0 0 1 1 0 0 0 0 0 0 1 1 1 0 0 1
0 0 0 1 1 0 0 0 1 0 0 0 1 0 0 0 1 0 0 1 0 0 1 0 0
0 0 0 0 0 1 1 0 0 0 0 0 0 0 0 0 0 1 1 0 1 0 1 1 0
0 1 0 0 0 0 0 1 0 1 0 0 0 0 0 0 0 0 0 0 1 0 0 0 0
0 0 0 0 0 0 0 0 1 0 0 0 0 1 0 0 0 0 1 0 1 0 1 1 1
0 0 0 0 0 0 1 1 1 1 0 0 0 0 0 0 0 0 0 0 1 0 1 0 1
0 0 0 1 0 1 1 0 1 0 0 1 0 0 0 0 0 0 1 1 0 0 1 0 1
0 1 0 0 0 0 0 0 0 1 1 0 0 1 1 1 0 1 0 1 0 0 0 0 0
0 1 0 0 0 0 1 0 1 0 0 0 0 0 0 0 0 1 0 0 0 1 0 0 0
0 0 0 0 1 0 1 0 0 0 1 0 0 1 0 0 1 1 0 1 0 1 0 0 0
1 1 0 1 1 1 1 0 0 1 0 1 0 0 0 1 1 1 1 1 0 1 0 1 1
1 0 0 1 0 0 0 1 0 0 0 0 0 0 1 0 0 0 1 0 0 0 1 0 0

Matrix 3:
0 0 0 0 1 0 0 1 1 0 1 1 0 0 1 0 0 0 0 0 1 0 0 0 0
0 0 1 1 1 0 0 0 0 0 0 0 0 0 0 0 0 0 0 0 0 0 0 0 0
0 1 0 0 1 0 0 0 0 0 0 0 1 0 1 0 0 0 0 1 1 0 1 0 0
0 0 0 0 0 0 0 1 1 1 0 0 0 1 0 0 0 0 1 0 1 0 0 1 0
0 1 1 0 0 1 0 0 1 0 1 0 0 1 1 1 0 0 0 0 0 1 0 1 0
1 0 1 1 0 1 1 0 0 0 0 0 0 0 0 0 0 0 0 0 0 0 0 1 1
1 0 0 1 0 0 0 0 1 1 0 0 0 0 0 0 0 1 0 0 0 0 0 0 1
1 1 0 0 0 0 0 1 1 0 0 1 0 1 0 0 0 1 1 0 0 0 0 1 0
0 0 0 0 0 0 0 0 1 1 0 0 0 0 0 0 0 0 0 1 0 0 1 0 1
0 0 0 1 0 1 1 1 0 0 0 0 0 0 1 0 1 0 0 0 0 0 0 0 0
1 1 0 0 0 0 0 0 0 1 1 0 0 0 0 0 0 0 0 0 1 0 0 0 0
1 0 0 0 0 1 0 0 0 0 0 0 1 0 0 0 1 1 1 1 0 1 0 0 1
1 1 1 0 0 0 0 0 1 0 0 0 1 0 1 0 0 0 0 0 0 1 0 0 0
0 1 0 1 0 1 1 0 0 1 1 0 1 0 1 1 0 0 0 0 0 1 1 1 0
0 1 1 1 1 0 0 0 0 0 1 0 0 0 0 0 0 1 0 0 0 1 0 0 0
0 1 1 0 1 0 0 1 0 0 0 1 0 0 0 1 0 0 1 0 0 0 0 1 0
0 1 0 0 1 1 0 0 0 0 0 1 0 0 0 0 0 0 0 0 0 0 0 0 1
1 0 0 1 0 0 0 0 0 0 1 1 0 0 0 0 0 0 0 0 0 0 0 0 0
0 0 0 1 0 0 0 1 0 0 0 0 1 0 0 0 0 0 0 0 0 0 0 1 0
0 0 1 0 0 1 0 0 0 0 0 1 1 0 0 0 1 0 0 0 0 0 0 1 1
1 0 0 0 1 1 0 0 0 0 0 0 0 0 0 0 0 0 1 1 0 0 1 0 1
0 0 1 1 1 0 1 1 0 3 0 0 0 0 1 1 0 2 0 1 1 0 1 1 0
0 0 0 1 0 0 0 0 0 1 1 1 0 1 1 0 0 0 0 0 0 0 0 0 0
1 1 0 1 0 0 0 1 1 0 0 1 0 1 0 0 0 0 1 0 0 0 0 1 0
0 0 0 0 1 1 1 1 1 0 1 0 1 0 0 0 0 0 0 0 0 0 1 0 0

Matrix 4:
0 0 1 0 0 0 1 0 0 0 0 0 0 0 0 0 1 1 1 1 0 0 1 0 0
1 0 0 0 0 1 0 0 0 0 0 0 0 0 0 0 0 0 0 1 1 0 0 1 0
1 0 0 0 0 1 0 1 1 0 0 0 0 1 0 1 0 0 1 0 0 1 0 0 0
1 1 0 0 0 1 0 0 0 1 0 0 1 0 0 1 1 0 1 0 0 0 0 0 0
0 0 0 0 0 1 0 0 0 1 0 1 0 0 0 1 0 1 0 1 0 1 0 1 0
0 0 0 0 0 1 1 0 1 1 0 0 0 1 0 1 1 0 0 1 0 0 1 1 0
0 0 1 0 0 1 0 1 0 0 0 0 0 0 0 1 0 0 0 0 0 0 0 0 0
0 0 1 0 0 0 1 0 0 0 0 0 0 1 1 0 0 0 1 0 1 1 0 0 0
0 1 1 0 3 0 0 0 1 0 1 1 0 0 0 0 1 0 0 0 1 0 0 0 1
1 0 0 1 0 0 0 0 1 0 0 1 0 1 0 0 0 0 0 0 0 0 0 0 0
0 0 0 0 0 0 0 0 0 0 1 1 1 0 0 0 0 0 0 0 1 1 0 1 0
0 0 1 1 0 1 0 1 1 1 1 0 1 1 0 0 0 0 1 0 0 0 1 0 1
1 0 1 0 0 0 0 0 1 0 0 0 1 1 0 0 0 1 1 1 1 0 0 0 2
0 1 0 0 0 0 0 0 0 1 0 0 1 0 1 1 0 0 1 0 0 1 0 0 0
1 1 0 1 0 0 0 1 0 0 1 0 0 0 0 0 1 0 0 0 0 0 0 0 1
0 1 0 0 0 0 1 1 1 1 0 0 1 1 1 1 1 1 0 0 1 1 0 1 0
0 1 0 0 0 1 0 0 1 0 0 0 0 0 1 1 0 0 0 0 0 0 0 0 0
0 1 0 0 0 0 0 0 0 1 1 1 0 0 0 1 0 0 0 1 0 0 0 0 0
1 0 0 0 0 0 0 1 1 1 0 0 1 1 0 0 0 0 0 0 0 1 0 0 0
0 0 1 1 0 0 0 0 0 0 0 0 0 0 0 0 1 0 1 0 0 0 1 1 0
0 1 0 0 0 0 0 0 1 0 0 0 1 0 0 0 0 0 0 0 0 1 0 0 0
0 0 0 0 1 0 0 1 0 0 0 0 0 0 1 0 0 0 0 0 0 1 1 0 0
0 1 1 0 0 0 1 1 0 0 0 0 0 0 0 0 0 1 0 1 0 0 0 0 0
0 0 0 0 1 1 0 0 0 0 1 1 1 1 0 0 0 1 1 0 1 0 0 0 0
1 0 0 1 0 0 1 1 0 0 0 1 0 0 1 0 1 1 0 0 1 0 0 0 1

Matrix 5:
1 0 0 0 0 0 0 1 1 0 0 0 0 0 0 0 0 1 0 0 1 0 0 0 0
0 0 0 0 1 1 1 1 0 1 1 0 0 0 1 0 0 1 0 0 1 0 1 1 0
1 0 1 0 1 1 0 1 0 0 0 0 1 0 1 1 0 1 0 1 1 1 0 0 0
0 1 0 1 1 0 0 1 0 0 0 0 1 0 0 0 0 0 0 1 0 0 0 1 0
0 0 0 0 1 0 0 0 1 0 0 0 1 0 1 0 1 0 0 1 0 0 0 0 1
0 0 0 0 0 0 0 1 0 1 1 0 0 1 0 0 0 2 0 1 0 0 1 0 0
0 1 1 1 1 1 0 0 0 0 0 1 0 1 1 0 0 0 0 1 0 0 1 0 1
0 1 0 0 0 0 0 1 0 1 0 0 1 0 0 1 0 0 0 0 0 0 1 1 0
1 0 0 0 0 1 1 0 0 0 0 0 1 1 0 0 1 0 0 1 1 0 0 0 0
0 0 0 1 0 1 0 0 0 0 0 0 1 0 1 0 0 1 1 0 0 1 0 0 0
0 0 0 1 0 1 0 1 1 0 0 0 0 0 0 0 1 0 1 1 1 1 0 0 0
0 0 0 1 0 0 0 0 1 1 0 0 0 1 0 0 0 0 0 0 0 0 0 1 1
0 0 1 0 1 0 1 0 0 0 0 0 0 0 1 0 0 1 1 0 0 0 1 1 0
1 0 1 1 1 0 0 0 1 0 0 1 0 0 0 0 1 0 0 0 1 0 0 0 0
0 0 0 0 0 0 0 0 0 1 0 0 0 0 0 1 0 0 0 1 0 1 0 0 0
1 0 1 0 0 1 0 1 0 0 1 0 0 0 0 0 0 1 0 1 0 0 1 1 1
0 0 1 0 0 0 0 0 0 0 0 0 0 0 0 0 1 0 1 1 0 0 0 0 1
0 0 1 0 0 1 1 1 0 0 1 0 0 0 0 1 0 0 0 0 0 0 1 1 0
1 1 0 1 0 0 0 0 0 0 0 0 0 1 0 0 0 0 1 0 0 0 0 0 0
0 0 1 1 0 1 0 0 1 1 0 1 0 0 1 1 0 1 1 0 1 1 0 0 1
0 0 0 0 0 0 1 0 0 1 0 0 1 0 0 1 0 0 0 0 0 0 0 1 0
0 0 0 0 0 0 0 0 1 0 1 1 0 1 1 1 0 0 1 1 0 0 0 0 0
0 0 0 0 1 0 0 0 0 0 0 3 1 0 0 1 0 1 0 0 0 0 1 0 0
0 0 0 0 0 1 0 0 0 0 0 1 1 1 1 0 1 1 1 0 0 0 0 1 1
1 0 0 1 0 1 0 1 0 0 1 0 0 0 0 0 1 1 1 0 1 0 0 0 1

Matrix 6:
0 0 0 1 1 0 0 0 0 0 1 1 0 0 1 0 0 0 0 0 0 0 0 0 0
0 0 0 0 1 0 0 0 0 1 0 0 0 0 0 0 0 0 0 0 0 0 0 0 0
0 0 0 0 1 1 1 0 1 1 0 0 0 0 0 0 1 0 0 0 0 0 0 0 1
1 0 0 0 0 0 0 1 0 1 0 1 1 0 1 0 0 0 0 1 0 0 0 0 1
1 0 1 1 0 0 0 1 0 0 0 1 0 0 0 1 0 1 0 0 1 1 0 0 1
1 1 0 1 0 0 0 1 0 1 0 1 0 0 1 0 0 0 0 0 0 0 0 1 1
1 0 0 1 0 0 0 1 0 0 0 0 0 0 0 0 0 1 1 0 0 1 0 0 1
1 0 1 0 0 1 1 0 0 1 0 1 0 1 0 0 1 1 0 0 0 1 0 0 0
0 0 0 1 0 0 0 0 1 0 0 0 0 0 1 0 1 0 1 1 1 0 1 1 0
0 0 1 0 0 0 0 0 1 1 0 1 0 0 0 1 1 1 0 0 0 0 0 0 0
0 0 1 1 0 0 0 1 0 0 0 1 0 0 0 0 0 0 0 1 0 1 0 1 0
1 0 1 0 0 1 1 0 0 0 0 0 1 0 0 0 0 0 1 0 0 0 1 0 0
0 0 0 1 1 0 0 0 0 0 0 1 0 1 1 1 1 0 0 0 0 0 0 0 0
1 0 1 0 0 0 1 0 0 1 1 0 0 1 1 0 1 0 1 0 0 0 1 0 0
0 1 0 0 1 0 0 1 0 0 0 0 0 1 0 1 1 0 1 1 1 0 0 1 0
0 0 1 0 0 0 0 0 0 1 0 0 1 0 1 1 0 0 0 1 0 0 1 1 0
0 0 0 0 0 0 1 0 0 0 1 0 0 0 0 0 1 1 1 0 0 1 0 1 1
1 0 1 0 0 1 0 0 0 0 1 0 0 0 0 0 1 0 0 1 1 0 0 1 1
1 0 1 1 0 1 0 0 1 0 1 0 0 1 0 1 0 0 0 1 0 1 1 0 0
0 0 3 0 1 0 1 0 1 0 1 0 0 0 1 0 0 1 0 0 1 1 0 0 0
0 0 1 0 0 0 0 0 0 0 0 0 0 1 0 1 0 0 0 0 0 0 0 0 0
0 0 0 0 0 0 0 0 0 1 0 0 0 0 0 1 0 0 1 1 0 1 1 0 0
0 1 0 0 0 2 1 0 0 1 0 0 0 1 0 0 0 0 1 0 0 1 0 0 0
0 0 0 1 1 0 0 0 1 0 0 1 0 0 0 0 0 0 0 0 0 1 1 0 1
0 1 1 0 0 0 1 0 1 0 0 0 0 0 0 0 0 1 1 0 0 1 0 1 0

Matrix 7:
0 0 0 0 0 0 0 1 0 0 0 0 1 0 1 0 1 0 0 0 0 0 0 0 1
0 1 0 0 1 0 1 1 1 0 1 1 1 0 0 0 0 0 0 0 1 0 0 0 0
0 0 0 0 1 0 0 0 0 1 0 0 1 0 0 1 1 2 0 0 0 0 0 0 0
0 1 0 1 1 0 1 0 1 0 0 0 0 0 1 1 0 1 0 0 1 0 1 0 1
0 0 1 0 1 0 0 0 0 0 0 1 1 0 0 1 0 1 0 0 0 0 0 0 1
1 1 0 0 1 1 0 0 0 0 1 0 0 0 0 0 1 0 0 1 1 0 1 0 0
0 0 0 0 1 0 0 1 0 1 0 1 1 0 0 0 0 0 0 0 0 0 0 0 0
0 1 0 0 0 0 1 0 0 0 0 0 0 0 0 0 0 0 1 0 0 0 1 0 0
0 0 1 0 1 1 0 0 1 1 0 0 0 0 1 1 0 0 0 0 0 1 0 0 0
0 0 0 0 1 0 0 0 0 0 0 0 0 1 1 0 1 0 0 1 0 1 1 0 0
1 0 1 0 0 0 0 0 0 0 0 0 0 0 1 3 0 0 1 0 0 0 0 0 1
0 0 0 0 0 0 0 0 0 0 0 0 0 1 1 1 0 0 1 0 1 0 1 0 0
0 0 0 0 1 0 0 0 0 0 0 0 1 0 1 0 0 0 0 0 1 1 1 0 0
1 1 0 1 1 0 0 0 0 0 1 0 0 0 0 1 1 0 1 0 0 0 0 0 0
0 1 1 0 0 1 1 1 0 0 0 0 1 0 0 0 0 0 0 1 0 1 0 0 0
0 0 0 0 0 0 1 1 0 0 0 0 1 0 0 0 1 0 0 0 0 0 0 0 0
0 1 0 1 1 1 0 1 0 0 0 0 0 0 0 0 0 1 1 0 0 0 0 0 1
0 0 1 0 0 1 0 0 0 0 0 0 1 0 0 0 0 0 0 0 0 1 0 0 1
1 1 1 0 0 1 0 0 1 0 1 0 1 0 0 0 1 1 0 1 1 1 1 0 0
0 0 0 1 0 1 0 0 0 1 0 0 1 0 1 0 0 0 0 0 0 1 1 1 1
0 0 1 0 0 1 0 0 1 0 1 0 1 0 1 0 1 1 0 1 1 0 0 0 0
0 0 0 0 1 0 1 0 1 1 0 0 1 0 1 0 0 1 0 0 1 0 0 1 0
0 0 0 0 1 1 1 0 0 0 0 0 0 1 1 1 1 0 0 0 0 0 1 0 0
0 0 1 0 1 0 0 0 0 0 1 0 0 0 1 0 0 1 1 0 0 1 0 1 0
0 1 1 1 1 0 0 0 0 0 1 0 1 0 0 0 1 0 1 0 1 0 0 0 0

Matrix 8:
0 0 1 0 1 0 0 0 0 0 0 0 0 1 1 0 1 1 0 1 0 0 1 0 0
0 0 0 1 0 0 0 0 0 0 0 0 0 1 0 1 0 0 3 0 1 0 1 0 1
0 0 0 1 0 0 0 0 0 0 0 0 0 0 0 0 0 0 1 0 1 0 0 0 0
1 1 1 0 0 0 0 1 0 1 0 1 1 0 0 1 1 1 0 0 0 0 0 0 0
0 1 0 0 1 0 0 1 1 1 1 0 0 1 0 1 1 0 0 0 0 1 1 0 0
1 0 0 0 0 0 1 1 0 0 0 0 0 0 0 0 1 0 0 0 1 0 0 0 0
0 1 0 0 1 0 0 1 0 0 0 0 0 0 1 0 0 0 0 0 0 0 0 0 0
0 1 1 0 1 0 0 1 1 0 0 0 0 0 0 1 0 0 0 0 0 0 0 1 1
0 1 0 0 0 0 0 1 0 1 1 0 0 0 0 1 0 0 0 0 1 0 1 0 0
0 1 0 0 0 0 0 1 1 0 1 0 1 0 0 0 1 0 0 0 1 0 0 0 1
0 1 0 0 0 0 1 0 0 0 0 0 1 0 0 0 1 0 1 0 0 1 0 1 0
0 0 0 0 0 0 1 1 0 0 0 0 0 0 0 0 0 1 0 0 1 0 0 0 1
0 1 1 1 2 0 0 0 1 1 1 0 0 0 0 0 0 0 0 0 0 1 0 0 1
0 1 0 1 1 1 0 1 0 1 0 0 0 1 0 1 0 0 1 1 1 0 1 0 0
0 0 0 0 1 1 0 1 0 1 1 1 0 0 0 0 1 0 0 1 1 0 1 0 0
1 1 1 0 0 0 0 0 0 0 1 1 0 1 0 0 0 0 1 1 0 0 0 0 1
1 0 0 0 0 1 1 0 0 0 0 0 1 0 0 0 0 0 0 1 1 0 1 1 0
1 0 0 1 0 1 0 0 1 1 1 0 1 0 1 1 0 0 0 0 1 0 0 0 1
0 0 0 1 1 1 0 0 0 0 0 0 0 0 1 0 0 0 0 0 0 1 1 1 1
0 1 0 0 1 0 0 0 0 1 0 1 0 0 0 0 0 0 0 0 0 0 0 0 1
0 0 0 0 0 0 0 0 1 0 0 0 0 0 1 1 0 0 0 0 0 1 0 0 1
1 0 0 1 1 0 0 0 0 1 0 0 1 0 1 0 0 0 0 0 1 0 1 0 0
0 0 1 0 0 1 0 0 0 0 1 1 0 0 0 1 1 1 0 0 1 0 0 1 0
0 1 0 1 1 0 0 0 1 0 1 0 0 0 1 1 1 0 0 0 1 1 0 0 0
0 0 0 1 0 1 1 0 0 0 0 1 0 1 1 0 0 0 0 1 1 0 0 0 0

Matrix 9:
0 0 1 1 1 0 0 0 0 1 0 0 0 0 1 0 0 0 1 0 0 0 0 0 0
1 0 1 0 0 0 1 2 1 0 0 0 0 1 0 0 0 0 0 0 0 0 0 0 1
0 1 0 0 0 0 1 0 1 0 0 0 1 0 0 0 0 1 0 0 0 0 1 1 0
1 0 0 0 1 1 1 0 0 0 0 0 0 1 0 1 0 1 0 1 0 0 0 1 1
0 1 0 0 0 0 0 0 0 0 0 1 0 0 0 0 0 0 0 0 1 1 0 0 1
0 0 0 0 1 0 0 0 0 0 0 0 0 0 0 0 0 1 0 1 0 0 0 1 0
0 1 0 0 0 0 1 0 0 0 1 0 0 0 0 1 0 1 0 1 0 0 0 1 0
0 1 0 0 1 0 0 0 0 0 0 1 0 1 0 0 0 1 1 0 1 0 0 0 0
1 1 0 1 0 0 0 0 0 0 1 0 0 0 1 0 1 3 0 1 0 0 0 1 0
0 0 1 1 0 0 0 0 0 0 1 0 0 0 1 0 1 1 0 0 0 0 1 0 0
0 1 1 1 0 0 0 1 0 0 0 0 0 0 0 1 0 0 0 0 0 1 1 0 0
1 1 0 1 0 1 0 1 0 0 1 0 0 0 0 1 0 1 0 1 0 0 1 0 0
1 0 0 0 0 1 1 0 0 1 1 0 1 0 0 0 1 0 1 0 0 0 1 0 1
0 1 0 0 0 0 0 0 1 0 0 0 0 0 0 0 0 0 0 0 0 0 1 0 0
0 0 0 1 1 0 0 1 0 0 1 1 1 1 1 0 0 1 0 0 0 1 0 0 0
1 1 1 0 0 0 0 0 0 0 0 0 0 0 1 0 0 0 1 0 0 0 0 0 0
0 1 1 0 1 0 1 1 0 0 0 0 1 0 1 1 0 0 0 0 1 0 0 1 0
0 0 0 0 1 1 0 0 1 0 0 0 0 0 1 1 1 1 0 1 1 1 1 0 1
1 0 1 0 0 1 0 0 1 0 1 0 0 0 1 0 0 1 0 1 0 0 0 0 0
0 1 1 0 0 0 0 0 0 0 0 0 0 0 0 1 0 1 0 0 1 0 0 0 1
0 0 0 1 1 0 0 0 0 1 0 1 0 0 0 1 0 0 1 1 0 1 0 0 1
0 1 0 0 0 0 1 1 0 0 0 1 0 0 1 1 1 0 1 0 1 0 0 0 0
0 0 0 0 0 1 0 0 1 0 0 0 0 0 0 0 0 0 0 0 0 0 0 0 1
1 0 0 1 0 1 0 0 0 1 0 1 1 0 1 1 1 0 0 1 0 0 0 1 0
1 0 0 0 0 1 0 0 0 1 0 0 0 0 0 1 0 0 0 0 0 0 0 1 0

Matrix 10:
0 1 0 0 1 0 1 0 0 0 1 1 1 0 0 0 0 1 0 0 0 1 0 0 0
1 0 0 0 0 1 0 0 0 0 0 0 0 0 1 0 1 0 1 0 1 0 0 0 0
0 0 1 1 1 1 0 0 0 0 0 1 0 0 0 0 0 0 1 0 1 0 0 1 0
0 0 0 0 1 0 0 0 0 1 1 0 1 0 0 0 0 0 0 0 0 1 0 0 1
0 0 0 0 0 1 1 0 0 0 0 1 0 1 0 1 1 0 0 0 0 0 0 0 0
1 0 0 0 0 1 0 0 1 0 0 0 1 0 0 1 0 0 0 1 1 1 1 0 0
0 0 0 0 0 1 0 0 0 1 1 1 0 0 0 0 1 0 1 0 0 0 0 1 0
0 1 0 1 0 1 0 0 0 0 0 0 1 1 1 0 0 1 0 0 0 0 0 1 0
0 0 1 1 0 0 1 0 0 0 0 0 0 1 0 0 0 0 1 0 1 1 0 1 0
0 1 1 1 1 0 0 1 1 0 0 0 1 0 0 0 0 0 1 1 1 0 0 0 1
0 1 0 0 0 0 0 0 0 3 0 0 1 0 0 0 0 0 1 0 1 0 0 1 0
1 0 1 0 0 0 0 0 0 0 0 0 0 0 0 0 0 0 0 1 0 0 0 0 0
0 0 0 0 0 0 0 0 1 0 0 0 0 1 1 0 1 0 1 0 0 0 0 0 1
0 0 1 0 0 0 1 0 0 0 0 1 0 0 0 0 0 0 0 1 0 0 0 1 0
0 0 0 1 0 0 0 0 0 0 1 0 0 1 0 0 0 0 0 0 0 1 1 0 0
1 1 0 0 0 0 1 1 0 0 0 1 0 0 1 0 0 1 1 0 0 0 0 0 0
0 0 0 1 0 0 1 1 0 1 0 1 1 1 0 0 0 0 0 0 0 0 1 1 0
1 0 0 0 1 2 0 1 0 0 1 0 0 0 0 0 1 1 0 1 0 0 0 0 0
0 1 0 1 1 0 0 0 0 1 0 0 0 1 0 0 0 1 1 0 0 0 1 1 0
0 0 0 0 0 1 1 0 0 0 0 1 1 0 1 0 0 0 1 0 0 0 1 0 0
0 0 0 0 1 1 0 1 0 0 0 0 1 0 0 1 0 0 0 0 1 0 0 0 0
0 0 1 0 0 0 0 0 0 1 1 0 0 1 0 0 0 0 0 0 0 0 0 1 0
0 0 1 1 0 1 1 0 0 0 1 0 0 0 0 0 0 0 1 0 0 0 1 0 0
0 1 0 0 1 1 0 0 0 0 0 0 1 0 1 0 0 0 0 1 0 1 0 0 0
0 1 0 0 0 0 1 0 0 1 0 0 0 1 0 1 1 0 0 1 0 0 1 0 0

Matrix 11:
1 0 0 1 1 0 0 0 0 0 1 0 0 1 0 0 1 0 0 0 1 1 0 0 1
1 0 0 1 0 0 1 0 0 1 0 0 0 1 0 0 0 0 0 0 0 0 1 0 0
1 0 0 0 1 0 0 0 1 1 0 0 0 0 1 0 1 0 0 1 0 0 0 0 0
0 1 0 0 0 1 0 0 0 0 0 0 0 0 1 0 0 1 1 0 0 1 0 0 1
0 0 0 1 1 1 0 1 0 0 0 0 0 0 1 0 0 0 0 0 0 0 1 0 0
0 1 1 0 0 0 0 1 0 0 0 1 1 0 1 0 1 0 1 0 0 0 1 0 0
0 0 1 0 0 0 0 0 0 0 0 1 1 0 1 0 0 0 1 0 0 0 1 0 1
1 1 0 0 0 0 0 0 0 0 0 1 0 0 0 0 0 1 0 0 0 0 1 0 0
0 1 1 0 0 0 0 0 0 0 0 1 0 0 0 0 0 0 0 0 0 1 1 0 1
0 1 0 1 0 0 0 0 1 0 0 1 0 1 1 1 0 0 0 1 1 1 0 0 0
1 1 0 1 0 0 0 0 0 1 0 0 0 0 0 0 1 0 0 0 1 0 0 0 1
3 1 0 1 0 1 1 1 0 0 0 1 0 1 0 1 0 0 0 0 0 1 0 1 1
0 0 0 0 0 0 1 0 0 0 0 1 0 0 1 1 0 0 0 0 1 0 0 0 1
1 1 0 0 0 1 0 0 0 0 1 0 0 1 1 0 0 0 0 0 0 0 0 0 0
1 0 0 0 1 0 0 0 0 0 1 0 1 0 0 0 1 2 1 0 1 0 0 1 1
0 0 0 0 0 0 0 0 0 0 1 0 0 0 0 1 0 0 1 0 0 1 0 0 0
0 0 0 0 1 1 0 0 0 0 1 0 1 0 1 0 0 1 0 1 1 1 1 0 1
0 0 0 0 0 0 1 0 1 1 0 0 1 1 0 0 1 0 0 0 0 0 0 0 1
0 1 0 1 0 0 0 0 0 0 1 0 0 0 0 0 0 0 0 0 0 0 1 0 1
0 0 0 0 1 0 1 1 0 0 1 0 0 0 0 0 0 0 0 1 0 0 1 0 0
0 0 1 0 0 1 0 0 1 0 0 1 0 1 1 1 0 1 0 0 0 0 1 1 0
1 0 0 0 0 0 0 0 0 0 1 0 0 1 0 0 0 1 0 0 0 0 0 0 0
0 1 1 1 1 0 0 1 0 0 0 1 0 0 0 0 0 0 0 0 0 1 0 1 1
0 0 0 0 0 0 1 1 0 0 0 1 0 0 0 0 0 0 0 0 1 0 0 1 0
0 0 0 1 0 0 1 1 0 0 0 0 0 0 0 0 0 1 1 0 1 0 0 0 0

Matrix 12:
1 0 0 0 0 0 0 1 0 0 0 0 0 0 0 0 1 1 0 1 0 1 0 0 0
0 0 1 1 0 0 0 0 1 0 0 0 0 0 0 0 0 0 0 0 0 0 0 1 0
0 0 1 1 0 0 1 0 0 0 0 1 0 1 0 0 1 0 1 0 0 1 0 1 1
0 0 1 0 1 0 0 0 0 0 0 0 0 0 0 0 1 0 0 0 0 0 0 1 1
0 0 0 0 0 0 0 0 0 0 0 0 1 1 0 0 1 0 0 0 1 0 0 0 0
0 0 0 0 0 1 1 0 0 0 1 1 1 0 0 1 1 0 1 1 0 1 1 0 1
0 0 0 0 0 0 0 1 0 0 0 0 0 0 1 0 1 0 1 1 1 0 0 0 0
0 1 0 0 0 0 1 0 0 0 1 0 1 0 0 0 0 0 0 1 0 1 0 0 1
2 0 1 0 0 0 0 0 0 0 1 0 0 1 0 0 0 1 0 0 1 0 1 0 0
0 1 1 1 1 1 0 0 1 1 0 0 0 0 1 0 0 0 1 1 1 1 1 1 0
0 0 0 0 0 0 0 1 0 0 0 0 0 0 1 1 0 1 0 0 1 0 0 0 0
1 0 0 0 0 1 0 1 0 0 0 1 0 0 1 0 1 0 1 1 0 0 0 0 0
0 0 1 0 0 1 0 0 0 0 0 0 0 0 0 1 0 0 0 1 0 0 0 1 1
1 0 0 0 0 0 0 0 0 1 0 0 0 0 1 1 0 0 0 0 0 0 0 0 0
0 1 1 0 1 1 0 0 0 0 1 1 0 0 0 1 0 0 0 1 1 0 0 0 0
1 1 0 0 0 0 1 1 1 0 0 0 1 0 0 1 0 0 0 0 0 1 0 0 0
0 0 1 1 0 0 0 0 1 1 0 1 0 0 1 0 0 0 0 0 0 1 0 0 0
0 0 0 0 1 1 0 0 1 0 0 1 1 1 0 0 0 1 0 0 1 0 0 1 0
0 1 0 1 1 0 1 0 0 0 0 0 0 0 0 1 0 0 1 1 1 0 0 0 0
0 0 1 1 0 1 1 0 1 1 0 0 0 0 1 0 0 0 0 0 1 0 1 0 0
1 0 1 0 0 0 0 1 0 0 1 0 0 1 0 0 0 0 0 1 1 0 0 0 0
1 1 0 0 0 3 0 0 0 0 1 0 1 0 0 0 0 0 0 0 0 0 0 0 0
1 0 1 0 1 0 0 1 1 1 1 0 0 0 0 0 0 0 0 0 0 1 1 1 0
1 0 0 1 1 0 0 0 1 1 1 0 1 0 1 1 0 0 0 0 1 0 1 0 1
0 0 0 1 1 0 0 0 1 0 1 0 0 0 1 0 1 0 1 1 1 0 0 0 1

Matrix 13:
0 0 0 0 0 0 0 0 1 1 0 0 0 0 0 0 0 1 1 0 0 0 0 0 0
0 1 0 0 1 0 0 1 1 0 0 0 1 0 1 0 0 1 0 0 0 0 0 0 0
0 0 0 0 0 1 0 1 1 1 0 1 0 1 0 1 0 0 0 0 0 1 0 0 0
0 0 0 1 1 0 0 0 1 1 1 0 0 0 1 0 1 1 0 0 0 1 0 0 1
0 0 0 0 1 0 0 0 0 1 1 1 0 0 0 0 1 0 0 1 0 0 0 0 0
0 1 0 1 0 1 1 0 0 1 1 0 0 0 0 1 0 1 1 0 0 0 1 0 0
0 0 1 0 0 0 0 0 1 1 0 1 0 1 0 0 0 1 0 0 1 0 0 1 0
0 0 0 0 1 0 1 0 0 0 1 1 0 0 1 0 0 0 1 0 0 1 0 1 0
1 0 0 0 1 1 0 0 0 0 1 0 0 0 1 1 0 1 0 0 0 0 0 0 0
0 0 1 1 0 1 1 0 0 1 1 1 0 0 0 0 1 1 1 0 1 0 0 0 0
0 0 0 0 0 0 1 1 1 1 0 0 0 0 0 0 0 0 1 0 0 1 1 0 0
0 0 0 0 1 0 0 0 1 0 1 1 1 1 1 0 0 1 1 0 0 0 1 1 0
0 0 0 1 0 0 1 1 0 0 1 0 1 0 0 0 0 0 1 0 0 0 0 0 1
1 0 0 0 1 0 0 0 0 0 0 0 0 0 0 0 1 0 0 1 0 1 0 1 1
0 0 0 0 0 1 0 0 0 1 0 1 0 0 1 1 1 0 0 0 0 1 0 1 1
0 0 0 0 0 0 0 0 0 0 1 0 1 0 0 1 1 1 0 0 1 0 0 0 0
0 0 0 0 0 0 0 0 0 0 0 1 0 0 0 0 0 0 0 0 0 0 1 0 0
0 0 0 0 1 1 0 0 0 0 0 0 0 0 0 0 0 0 0 1 0 0 0 0 0
0 0 1 0 0 0 2 0 1 0 0 1 0 0 1 0 0 0 0 0 0 3 0 0 0
0 0 0 1 0 0 1 0 0 1 0 0 1 1 0 0 0 0 0 0 1 0 0 0 0
0 0 1 0 0 1 0 0 1 1 1 0 0 0 0 0 1 1 1 1 1 0 0 1 1
0 0 0 0 0 0 0 0 1 0 0 0 0 0 1 0 0 0 0 0 0 1 0 0 1
1 0 0 1 0 0 0 0 0 0 0 0 0 1 1 0 0 0 0 0 0 1 1 1 0
0 0 1 0 1 0 0 1 1 0 0 0 0 0 0 0 0 0 0 0 0 1 0 0 0
0 0 1 0 0 0 0 0 0 0 0 0 0 1 1 0 1 0 0 0 1 1 0 1 0

Matrix 14:
0 0 0 0 0 0 0 0 0 0 1 0 0 1 0 0 0 1 0 1 0 1 1 0 0
0 0 0 0 0 0 1 0 0 1 0 1 0 0 0 0 0 0 1 0 0 1 0 0 0
0 0 0 0 0 0 0 1 0 0 1 0 0 1 1 0 0 0 0 1 0 0 0 1 1
0 0 1 0 0 1 0 0 1 0 1 1 0 1 0 1 0 0 0 0 0 0 1 1 0
1 0 0 0 1 1 1 0 0 1 0 0 1 1 0 0 0 1 0 0 1 0 1 1 1
0 0 1 0 0 1 1 0 0 1 0 0 0 0 1 0 0 0 1 0 1 0 1 0 1
0 1 0 0 0 0 0 0 0 1 0 1 0 0 1 0 0 1 1 1 0 0 1 0 0
0 0 0 3 1 0 0 0 0 0 0 0 0 1 0 0 1 0 0 1 0 0 0 0 1
0 1 0 0 0 1 0 0 0 1 0 0 1 0 1 0 1 1 0 1 0 0 0 0 0
1 0 1 0 0 1 1 0 0 0 0 0 0 0 0 0 1 0 0 0 0 0 1 0 0
0 1 1 0 0 0 1 0 0 0 0 0 0 0 0 0 0 0 1 1 0 0 0 0 0
1 1 1 0 1 0 0 0 0 1 1 0 1 0 0 0 0 1 0 0 0 0 0 1 0
0 1 0 0 0 0 0 0 0 1 0 1 0 1 0 1 0 0 0 1 0 0 0 0 0
0 1 0 0 0 0 1 1 1 1 1 1 0 1 1 1 0 0 1 0 0 0 1 1 1
0 0 0 1 0 0 0 0 0 1 0 0 0 0 0 0 0 0 0 0 0 1 0 0 0
0 0 1 0 1 0 0 0 0 0 0 1 1 0 1 1 0 1 0 0 1 0 0 0 0
1 0 1 1 0 0 0 0 0 1 0 0 0 1 1 0 1 0 0 0 0 0 0 0 0
0 1 0 0 0 0 0 0 0 0 0 0 0 1 1 0 0 1 1 0 0 0 0 0 0
1 0 0 0 1 0 1 0 0 1 0 0 1 0 0 0 0 0 1 0 0 1 0 0 1
0 0 0 0 1 0 0 1 0 1 1 1 0 0 0 1 0 0 1 0 0 0 1 0 1
0 1 0 1 0 0 0 0 1 0 0 0 0 1 1 0 0 0 0 0 1 0 1 0 0
0 1 0 0 1 1 1 0 0 0 0 1 0 0 0 1 0 1 1 0 0 0 0 1 0
1 1 0 1 0 0 1 0 1 0 0 0 0 0 0 0 0 0 0 0 0 1 0 1 0
1 1 1 1 0 0 1 1 0 0 0 0 0 0 2 0 0 0 0 1 0 1 0 0 0
0 0 0 0 0 1 0 0 0 0 0 0 1 1 0 0 0 0 0 0 0 1 0 1 0

Matrix 15:
0 0 0 0 1 0 0 1 2 1 0 0 1 0 0 0 1 1 0 1 0 1 0 0 0
0 0 1 0 0 0 1 1 0 0 0 0 1 0 1 0 1 1 0 1 0 0 1 0 0
0 1 0 0 0 0 0 0 0 0 0 0 1 1 0 1 0 0 0 1 0 0 0 0 1
0 0 0 0 0 0 0 1 0 0 0 0 0 0 0 0 0 0 0 0 0 0 1 0 1
0 0 0 0 0 0 0 1 0 1 0 1 0 0 0 0 1 0 0 1 0 1 1 1 1
0 0 0 0 0 1 0 0 1 0 0 0 0 0 1 0 0 1 1 0 1 0 0 0 1
0 0 0 0 1 0 1 1 0 0 0 0 1 0 1 0 0 0 0 0 0 1 0 1 0
0 1 0 1 1 0 0 1 0 1 0 0 0 1 1 0 0 0 1 0 1 0 0 0 0
0 0 0 0 0 0 0 0 0 0 1 1 0 0 0 0 0 0 0 0 0 0 0 0 0
0 0 1 0 0 0 0 1 0 0 1 0 1 0 0 0 0 0 0 1 1 1 0 0 1
0 0 0 0 0 0 0 0 0 0 0 0 0 1 0 0 0 0 0 1 0 1 0 1 0
0 1 0 0 0 0 1 1 1 1 0 0 0 0 1 1 0 0 0 1 0 0 0 0 1
0 1 0 1 0 0 0 0 0 0 0 0 1 0 0 0 0 0 0 1 1 1 0 1 1
0 0 0 0 1 0 1 0 1 0 1 0 0 0 1 1 0 1 1 0 1 0 0 0 0
0 1 1 0 0 1 1 1 0 1 1 1 0 0 1 0 0 0 0 0 0 0 0 1 1
0 0 0 0 0 0 0 0 0 0 0 1 0 0 1 1 0 1 1 0 1 0 0 0 0
1 1 0 0 0 0 0 0 0 0 0 0 0 0 0 0 0 1 1 1 0 0 0 0 1
0 0 0 0 1 0 0 0 0 1 0 0 1 0 0 0 1 0 0 1 0 1 0 0 0
0 0 0 1 0 0 0 0 0 0 0 1 0 0 0 1 0 0 0 0 0 0 1 0 1
0 1 1 1 0 0 0 0 0 0 0 1 0 0 0 0 1 1 0 0 1 0 1 0 0
0 0 0 0 1 1 0 0 1 0 1 0 0 0 1 1 0 1 0 0 0 1 0 0 0
0 0 0 1 0 0 0 0 0 0 0 0 1 0 0 0 0 0 1 1 1 0 0 0 1
0 0 1 1 0 0 1 0 3 0 1 0 0 0 1 0 1 1 0 0 1 0 1 0 0
1 0 0 1 1 0 0 0 0 0 1 1 1 1 1 0 0 0 0 0 0 1 1 0 0
1 1 1 0 0 0 0 0 0 0 0 0 0 0 0 0 0 0 0 1 1 1 1 1 0

Matrix 16:
0 0 0 0 0 1 0 0 0 0 0 0 1 0 1 0 1 1 0 1 0 0 0 0 1
1 0 0 0 0 0 0 1 0 0 1 0 0 0 1 0 0 0 1 0 0 0 1 1 0
1 0 0 0 0 1 1 0 0 1 0 0 0 0 0 1 0 0 0 0 0 0 1 0 0
0 0 0 0 0 0 1 0 1 0 0 1 0 0 1 0 0 0 1 0 0 0 0 1 0
1 0 1 1 0 0 0 0 0 0 0 0 0 0 0 0 1 0 0 0 1 0 0 0 0
0 1 1 1 0 0 1 0 0 0 0 0 0 0 0 0 0 0 0 1 1 1 0 1 0
0 0 1 1 0 0 1 1 1 0 1 0 1 1 0 0 0 0 1 0 0 0 1 1 0
0 1 0 0 0 0 0 0 0 1 1 0 0 0 0 0 0 0 0 0 0 1 1 0 0
1 1 0 0 1 0 0 0 0 0 0 1 0 0 0 0 1 0 0 1 0 1 1 0 0
1 0 1 1 0 0 0 0 0 0 1 0 0 0 0 0 0 0 1 0 0 1 1 0 0
0 1 0 0 0 3 0 1 0 0 0 1 0 1 0 0 0 0 0 1 1 1 0 0 0
1 1 0 1 1 1 0 1 0 1 1 0 0 0 0 0 1 0 0 1 0 0 1 1 0
1 0 0 0 1 0 0 0 1 0 0 1 0 1 1 0 0 0 0 0 0 0 1 0 0
0 1 0 1 1 0 0 0 1 1 1 0 0 0 0 0 0 0 0 0 0 0 0 0 0
0 0 0 1 0 2 0 1 1 0 0 1 0 0 0 1 0 0 0 1 0 0 0 0 0
0 0 1 1 0 1 1 1 0 0 0 0 1 1 1 0 0 0 1 0 0 0 1 0 0
1 0 0 1 0 1 1 0 1 0 1 0 0 0 0 0 0 0 0 0 0 0 0 0 0
1 0 0 0 1 0 1 0 1 0 1 1 0 0 0 0 1 0 0 0 0 0 1 0 0
1 1 0 0 0 0 0 0 1 1 0 0 1 1 0 0 1 1 1 0 0 0 0 0 1
0 1 0 0 1 0 0 0 0 0 0 0 0 0 0 1 1 0 1 1 0 0 1 0 0
0 0 0 1 0 0 0 0 0 0 0 0 0 0 0 0 0 0 0 0 1 1 0 1 0
1 0 1 1 0 1 0 1 0 0 1 0 0 0 0 0 0 0 0 0 1 0 0 0 0
1 1 0 1 0 0 1 1 1 1 0 1 0 0 1 1 0 1 1 0 0 0 0 0 0
0 1 0 0 0 1 1 0 1 0 0 0 1 1 1 0 0 0 0 1 0 0 0 0 0
0 1 1 0 0 0 0 1 0 0 0 0 0 0 1 0 0 1 0 0 0 0 0 0 1

Matrix 17:
0 1 1 0 0 1 0 0 1 1 0 0 0 0 0 0 0 0 0 1 0 0 0 0 0
1 1 0 0 1 0 1 0 0 0 0 0 1 0 0 1 1 0 1 0 0 0 0 0 0
0 1 1 0 1 0 1 1 1 0 0 0 0 0 1 1 1 1 0 0 0 0 1 0 1
1 0 1 1 0 0 0 0 0 0 0 0 1 0 0 0 0 0 0 0 0 0 1 0 0
0 0 1 0 0 0 0 0 0 0 0 0 0 1 0 0 0 1 1 0 0 0 0 0 0
0 0 1 0 0 0 1 1 1 0 0 1 0 0 1 1 1 1 1 0 0 0 1 1 0
0 0 0 1 0 0 0 0 0 1 1 0 1 0 1 1 1 0 0 0 0 0 0 0 0
1 0 0 1 1 0 0 0 1 0 1 0 1 0 1 0 0 1 1 0 0 1 0 0 0
0 0 1 1 0 0 0 1 0 0 0 0 0 0 0 0 0 0 0 0 0 0 0 0 1
1 1 1 0 0 0 0 1 1 0 0 0 0 0 1 0 0 0 0 0 0 0 0 0 1
0 0 0 0 0 1 1 0 0 0 1 0 0 0 0 0 1 0 1 1 1 0 0 0 1
0 1 0 1 0 0 0 0 0 0 0 0 1 0 1 0 1 0 0 0 1 0 1 1 0
1 0 0 1 0 1 0 1 0 0 1 0 0 0 0 0 0 0 0 0 0 0 0 1 1
0 0 0 1 0 0 0 0 0 0 0 0 0 0 0 1 1 1 0 0 0 1 0 0 1
0 0 0 1 0 0 0 3 0 0 0 0 0 1 1 1 0 0 0 0 0 0 1 0 0
0 0 0 1 1 0 0 0 0 0 0 0 0 1 1 0 0 0 1 0 0 1 0 0 0
0 1 0 0 0 0 1 0 0 0 1 1 1 0 0 1 0 1 0 1 0 1 0 0 1
0 1 0 1 0 1 0 0 1 1 0 0 0 0 0 0 0 0 0 0 0 1 0 0 0
1 0 1 0 0 0 1 0 1 1 0 1 1 1 0 0 0 1 0 0 0 0 0 0 1
0 0 0 0 1 0 0 0 0 1 0 0 0 1 1 0 0 0 0 0 0 0 0 1 0
0 0 0 0 0 0 0 0 0 0 0 0 0 1 0 0 0 1 0 1 0 0 0 0 1
0 1 0 0 0 0 1 1 0 0 0 0 0 0 0 0 1 1 0 0 0 0 1 0 1
0 1 0 1 0 1 1 1 1 0 0 0 0 1 0 1 1 0 1 1 0 0 0 0 1
0 1 0 0 1 0 0 1 0 0 0 0 1 0 0 0 0 0 1 0 1 2 0 1 1
1 0 0 0 0 1 0 0 1 1 1 1 0 1 0 0 0 0 0 1 0 1 1 0 1

Matrix 18:
0 1 0 0 0 0 1 1 0 1 0 0 1 0 0 0 1 0 0 1 1 0 0 1 0
1 0 1 1 1 0 0 1 0 1 0 0 0 0 1 0 0 1 1 0 0 1 1 1 1
0 0 0 0 0 0 0 0 0 0 0 0 1 1 0 0 1 1 1 1 1 0 0 0 0
0 0 0 0 0 1 0 1 1 0 0 1 0 0 0 1 0 0 1 1 0 0 1 1 0
0 0 1 0 0 0 0 0 0 0 0 0 1 0 0 0 1 0 1 0 0 0 1 1 0
0 0 1 0 0 0 1 0 0 1 0 1 0 0 1 0 0 0 1 1 0 0 0 1 0
1 0 0 0 0 0 0 0 0 0 1 1 1 0 0 1 1 0 0 0 1 0 1 0 0
0 0 0 0 0 0 0 0 0 0 0 0 0 0 1 0 1 0 1 0 0 0 0 0 0
0 1 0 0 1 1 0 0 0 1 0 0 1 0 0 0 1 0 0 1 0 1 1 1 1
1 0 0 1 0 1 0 0 1 0 0 0 0 0 0 1 0 0 0 0 1 0 0 1 1
0 0 1 0 1 0 0 1 0 1 1 0 1 1 0 0 0 0 0 0 0 0 1 0 1
1 0 0 1 0 1 0 1 0 0 1 0 1 0 0 0 0 1 0 1 0 0 0 0 0
1 0 0 0 0 1 0 0 0 1 0 1 0 0 0 0 0 0 0 0 0 0 1 0 0
0 1 1 0 1 0 0 1 0 0 0 0 0 1 1 1 0 0 0 0 0 1 1 0 0
0 0 0 1 1 1 1 0 0 0 1 1 0 1 0 1 1 1 0 0 0 1 1 0 0
1 0 0 0 1 1 0 0 0 0 0 1 0 1 0 0 0 1 0 0 1 1 0 1 0
0 0 0 1 0 0 0 0 1 1 0 0 0 0 1 1 1 0 0 0 0 1 1 1 1
0 1 1 1 0 1 0 0 0 0 1 0 0 0 0 0 1 0 0 0 0 1 1 0 0
1 0 0 1 1 1 0 0 1 0 0 0 1 0 0 0 0 0 1 0 0 1 0 0 0
0 1 0 1 0 0 1 0 1 0 0 0 0 0 0 0 1 0 1 1 0 1 0 0 1
1 0 0 0 0 1 1 0 0 0 0 0 1 1 0 0 1 0 0 0 0 0 0 1 1
1 0 0 0 0 0 0 1 1 2 0 1 0 0 0 0 0 0 0 0 1 0 0 0 0
0 0 0 1 0 0 1 1 1 0 0 0 0 0 1 0 0 1 1 0 1 0 0 1 3
0 0 0 1 0 0 0 0 1 0 0 1 1 0 0 0 1 0 0 0 0 1 0 1 0
0 0 0 0 0 0 0 1 1 1 0 0 0 1 0 1 0 0 0 0 0 0 1 0 0

Matrix 19:
1 0 0 0 1 0 0 0 0 0 0 0 0 0 0 0 1 1 1 0 1 0 0 1 0
0 0 0 0 1 0 1 0 0 1 1 1 0 0 0 1 1 0 0 0 0 0 1 0 0
0 1 0 0 0 0 1 0 0 1 1 1 0 0 0 0 0 0 0 0 0 0 0 1 1
0 0 1 0 0 0 1 0 0 0 1 1 1 1 1 0 0 1 0 1 1 0 0 0 0
0 0 0 0 1 0 0 0 0 1 1 0 1 0 1 0 0 0 0 0 0 0 1 0 0
1 0 0 1 0 0 1 0 1 0 0 0 1 0 0 0 0 1 0 1 0 0 0 0 1
1 1 0 0 0 1 1 0 0 1 1 1 0 0 0 0 0 0 0 0 0 1 0 0 0
1 1 1 0 0 0 1 1 0 0 0 0 0 0 0 0 1 0 0 0 0 0 0 0 1
1 1 0 1 0 0 1 0 0 0 1 1 1 0 1 1 0 1 1 1 1 0 0 1 0
1 0 0 0 0 0 1 1 0 0 1 1 0 1 0 0 1 1 0 0 1 0 1 1 0
0 0 0 0 0 0 0 0 1 0 0 0 0 1 1 0 0 0 1 0 1 0 1 0 0
0 1 0 0 0 0 0 1 0 1 0 1 0 0 0 0 0 1 1 0 0 0 1 1 0
0 0 1 0 0 0 0 0 0 0 0 0 1 1 0 0 0 0 0 0 0 0 0 0 0
0 0 0 0 1 0 1 1 0 0 1 0 1 1 1 0 0 1 0 1 0 0 0 0 0
0 0 0 1 0 1 0 1 0 0 0 1 0 0 0 0 0 0 0 0 0 0 0 1 0
0 0 0 0 1 1 0 0 0 1 0 0 0 0 0 0 1 0 1 1 1 0 0 0 0
0 0 0 0 0 0 0 0 0 0 0 0 0 0 0 1 1 0 0 0 1 0 0 0 1
0 0 0 0 0 1 0 0 0 0 0 1 0 0 1 0 0 0 0 0 1 0 0 0 0
0 1 0 0 1 0 1 1 0 0 1 0 1 0 0 1 1 1 0 1 0 0 1 1 1
1 1 0 0 0 1 0 1 0 0 1 0 1 0 1 0 0 0 0 1 0 0 0 0 0
0 0 0 0 1 0 1 0 0 0 1 0 0 0 0 0 1 1 1 0 0 0 0 0 0
0 0 0 0 0 0 0 1 0 0 1 2 0 0 0 0 0 1 1 0 0 1 0 1 0
0 0 0 0 0 0 1 0 0 1 0 0 1 0 0 0 0 0 0 0 1 0 0 0 1
0 0 0 0 1 0 0 0 1 1 0 1 1 0 1 0 1 1 0 1 0 1 0 0 0
0 0 0 1 1 0 0 1 3 0 0 0 0 0 0 0 0 0 1 0 0 0 0 0 0

Matrix 20:
1 0 0 1 1 0 0 1 0 0 1 0 1 0 1 0 0 0 0 1 0 1 0 0 0
1 1 0 0 0 0 0 0 1 0 0 0 0 0 0 0 1 0 1 0 0 0 0 0 1
0 0 0 1 1 0 0 1 0 0 0 0 0 0 0 1 0 0 0 0 1 0 0 0 1
1 0 0 0 0 0 0 0 1 0 1 0 0 0 0 0 0 1 0 0 1 0 1 0 0
1 0 0 0 1 1 0 0 1 0 1 1 0 0 1 0 1 0 0 1 0 1 0 0 1
0 0 1 0 0 1 1 0 0 1 0 0 0 0 0 0 1 0 1 0 0 1 0 0 1
0 0 0 0 1 1 1 0 0 1 0 0 0 1 0 0 0 0 0 0 0 0 0 0 1
0 0 0 1 0 0 1 1 0 1 0 0 0 0 0 1 0 0 0 0 0 1 0 1 0
0 0 0 1 1 0 0 0 3 0 1 0 0 0 1 1 1 1 1 0 1 0 0 0 0
0 1 1 0 0 0 1 0 0 1 0 1 0 0 0 0 1 0 0 0 1 1 0 0 0
0 0 0 0 1 0 0 1 1 1 0 0 1 0 1 0 0 0 0 0 0 1 0 0 0
0 0 0 0 0 0 1 0 0 0 0 0 1 0 0 0 0 0 1 0 0 0 0 0 0
1 0 1 1 0 0 1 0 0 0 1 0 1 1 1 1 0 0 0 1 0 0 1 0 0
0 1 1 0 0 0 0 1 0 0 1 1 1 0 1 1 0 1 1 0 0 1 1 0 0
0 0 0 0 0 0 0 1 1 0 1 0 0 0 0 0 0 1 0 0 0 0 0 1 1
1 0 1 1 0 0 0 1 1 0 0 1 0 0 1 1 0 0 0 0 1 1 0 1 1
1 1 0 1 0 0 0 1 0 0 0 1 1 1 0 1 1 0 0 0 1 1 1 0 0
1 0 0 1 0 0 1 1 1 0 0 1 0 1 1 1 0 0 1 0 0 1 1 1 0
0 0 0 1 0 1 0 0 0 0 0 0 0 0 1 0 0 0 0 0 1 2 0 0 0
0 0 0 0 1 0 1 1 1 0 0 0 1 0 0 1 0 0 1 1 0 0 0 0 0
1 0 1 0 0 0 0 0 1 0 1 0 0 1 0 0 0 0 0 0 0 1 0 0 1
0 0 0 1 0 1 0 0 0 1 0 0 1 1 0 0 0 0 0 0 1 0 1 0 1
1 1 0 0 0 0 1 1 1 0 0 0 1 1 0 0 1 0 0 1 1 0 0 0 0
0 1 0 0 0 0 0 0 0 0 0 0 0 1 0 0 0 0 0 0 1 1 0 0 1
1 0 0 1 0 0 0 0 0 0 1 0 1 0 0 0 0 0 0 0 0 0 0 0 0

Matrix 21:
0 0 0 1 0 0 0 0 0 0 0 1 0 0 0 0 0 0 1 0 0 0 0 0 1
0 1 0 1 1 0 1 1 0 0 0 0 0 1 1 0 1 0 0 0 0 1 0 0 0
1 0 0 0 1 0 0 0 0 1 0 0 1 1 0 0 0 0 0 0 0 0 1 0 0
1 0 0 1 1 0 0 0 1 1 1 0 0 1 0 0 0 0 0 0 0 1 1 0 1
1 0 0 1 0 0 0 0 0 0 0 0 1 0 0 0 0 1 0 1 1 0 0 0 0
0 0 1 1 0 1 0 1 0 0 0 0 1 0 0 0 0 0 0 1 1 0 0 0 0
0 0 0 0 1 1 1 1 0 0 0 0 0 0 0 0 0 0 0 1 0 0 0 1 1
0 0 1 1 0 0 0 0 0 0 0 1 0 1 1 0 1 1 0 1 0 0 0 0 1
0 0 0 0 0 0 0 0 1 0 1 0 0 0 0 0 0 1 0 1 1 0 1 0 0
0 1 0 0 1 0 0 0 0 0 0 0 0 0 0 0 0 0 0 0 1 0 0 0 1
1 1 0 0 0 0 0 0 1 0 0 0 0 1 0 0 0 0 0 0 0 1 0 1 0
0 0 0 0 1 1 1 1 1 0 1 1 0 0 0 0 0 1 0 0 1 1 0 0 0
0 0 0 0 0 0 1 0 0 1 0 0 0 2 1 1 0 0 1 0 0 0 0 1 0
0 0 1 1 0 0 0 1 0 1 0 0 0 0 0 1 0 1 0 1 3 0 0 0 0
0 1 1 0 1 0 1 1 0 1 1 0 1 0 1 0 1 1 0 1 0 1 0 0 0
0 0 0 0 1 1 0 1 0 0 1 0 0 1 0 1 0 0 0 0 1 1 0 0 1
0 1 0 1 0 0 0 1 1 0 0 0 0 0 0 0 0 0 0 0 0 0 0 0 1
0 0 0 0 0 0 0 1 1 0 0 0 0 0 0 0 0 1 0 0 0 0 0 0 0
0 1 0 1 0 0 0 0 1 0 0 0 0 0 0 1 0 0 0 0 1 0 1 1 0
0 0 1 0 0 0 0 0 0 1 1 0 1 0 0 0 1 0 0 0 0 1 0 1 0
1 1 0 0 1 0 0 1 0 1 1 0 0 0 0 0 0 0 0 1 0 0 0 0 0
0 1 0 0 1 1 0 1 0 0 0 0 1 1 0 0 0 0 0 0 1 1 0 1 0
0 0 0 0 0 0 0 1 1 0 0 0 1 0 0 0 0 0 1 0 0 0 0 0 0
0 0 0 0 1 0 0 1 1 1 0 1 1 0 1 0 0 1 1 0 0 0 0 0 0
0 0 0 1 0 0 1 1 0 0 0 0 0 0 0 0 0 0 1 0 0 1 1 1 1

Matrix 22:
1 0 0 0 1 1 0 0 0 0 1 0 1 0 0 0 0 0 0 0 0 0 1 0 0
0 0 0 0 1 0 0 0 0 0 1 1 0 1 0 0 1 0 0 1 0 1 1 0 0
0 0 0 0 0 0 0 1 0 1 0 0 0 0 0 0 0 1 0 0 1 1 0 0 0
0 1 0 0 1 0 0 1 0 0 0 0 0 0 0 1 0 0 0 0 0 1 0 1 0
0 1 0 0 1 0 1 0 0 0 0 0 0 1 1 1 0 1 0 1 0 0 0 0 0
0 0 1 0 1 0 1 1 1 0 1 0 0 0 0 0 0 0 0 1 0 1 0 0 0
1 0 0 0 0 0 0 1 0 1 1 1 0 0 0 0 1 0 0 0 0 0 0 1 0
2 0 1 0 1 0 0 0 0 0 0 1 0 0 0 0 1 0 0 0 0 0 1 0 0
0 1 1 1 0 0 1 1 0 0 1 0 0 0 0 0 0 1 0 0 0 1 1 0 0
0 0 0 1 1 0 0 0 1 0 0 0 0 0 0 0 0 0 1 0 1 0 0 1 0
1 0 0 0 0 0 1 0 1 0 1 0 0 1 1 0 0 1 1 1 0 0 0 0 0
1 0 0 0 0 0 0 0 0 0 1 0 0 1 1 0 0 0 0 0 0 0 1 0 0
0 0 0 0 0 0 0 0 0 0 0 0 1 0 0 0 0 1 0 0 1 0 1 1 0
1 0 0 0 0 0 1 0 0 0 0 1 0 0 1 1 0 0 0 0 1 1 1 1 0
1 1 0 1 1 0 0 0 1 0 0 0 0 1 0 0 1 0 0 1 0 1 1 1 0
0 0 0 0 1 0 0 0 0 0 1 0 0 0 1 0 1 0 0 0 1 1 1 0 1
0 0 0 0 1 1 0 1 0 1 0 1 1 0 1 0 0 0 1 1 0 0 0 0 0
1 0 0 1 0 0 1 0 0 1 0 1 0 0 0 0 0 1 0 0 1 0 0 0 0
0 0 0 1 1 0 0 0 1 1 0 0 0 0 0 0 0 1 0 0 1 3 1 0 0
1 1 0 0 0 1 0 0 0 1 1 1 0 1 0 0 0 0 1 0 1 0 0 0 0
0 0 0 0 1 1 0 0 0 1 0 1 0 1 0 0 0 0 1 0 1 0 0 0 0
1 1 0 1 0 1 0 0 0 0 1 0 1 0 0 1 0 1 0 1 0 0 0 1 0
0 0 1 1 0 0 0 0 0 0 1 0 0 0 0 1 0 0 1 0 0 1 0 0 1
0 0 0 0 0 0 0 1 0 0 0 0 0 1 1 0 0 0 0 0 0 0 0 1 0
0 0 1 1 1 0 0 0 0 0 0 1 1 0 0 0 1 0 1 0 0 1 1 1 0

Matrix 23:
0 0 0 0 0 1 0 0 0 0 0 0 1 0 1 0 0 1 0 0 1 0 0 0 0
0 0 0 1 1 0 0 1 1 1 0 0 0 0 0 1 0 0 1 1 0 1 1 0 1
0 0 0 0 0 0 0 1 0 0 0 0 0 1 0 0 0 0 1 0 0 0 0 0 0
1 0 1 0 0 0 0 0 0 0 0 0 0 1 0 0 0 0 1 1 0 0 0 0 0
0 0 0 0 0 0 0 0 0 1 0 0 0 0 1 0 0 0 0 0 0 0 0 0 1
0 1 0 1 0 1 1 1 0 0 1 0 0 0 1 0 0 0 0 0 0 0 0 1 0
1 0 0 0 0 0 0 0 0 0 0 0 0 0 0 0 0 0 0 1 0 1 0 1 0
1 0 0 0 0 0 0 0 1 1 0 0 1 0 1 1 0 0 0 0 0 0 0 1 0
0 0 0 0 0 0 0 0 0 0 0 0 0 0 0 0 1 1 0 0 1 1 1 0 1
1 0 0 0 1 0 1 0 0 0 1 0 0 0 1 1 0 1 0 0 1 0 1 0 1
0 0 1 1 0 1 0 0 1 0 0 0 0 0 0 1 1 1 0 0 0 0 0 0 1
0 0 0 1 0 0 0 0 1 0 1 0 1 1 0 1 0 0 0 0 1 1 0 1 0
0 1 0 0 1 0 0 0 0 0 0 1 0 2 1 0 0 0 1 1 1 0 0 0 0
0 0 1 0 1 0 0 0 1 0 0 0 1 1 0 1 0 0 1 0 0 0 1 0 1
0 0 0 1 1 1 1 0 0 1 0 1 0 1 0 0 0 0 0 1 0 0 0 0 0
1 0 1 0 0 0 0 0 1 0 1 0 1 0 0 0 1 0 1 1 0 0 0 1 0
0 1 1 0 0 0 1 1 0 0 1 1 1 0 0 0 0 1 0 0 1 1 0 0 0
1 0 0 0 0 0 0 1 0 0 1 0 0 0 0 0 3 0 1 1 1 1 0 0 0
0 0 0 1 1 1 1 0 1 0 0 1 1 1 1 1 0 0 1 0 0 0 0 0 1
0 0 0 1 0 0 0 1 1 0 1 0 1 0 1 0 1 1 0 0 0 0 1 1 1
0 1 0 0 0 0 0 0 0 0 1 0 1 0 0 1 0 1 1 0 0 0 0 0 0
0 0 0 0 0 0 1 1 0 1 0 0 1 1 0 0 0 0 0 1 1 0 0 0 1
0 0 0 0 1 0 1 0 0 0 0 0 0 0 0 1 0 1 1 0 0 0 0 1 0
1 0 0 1 1 1 0 1 0 1 0 1 0 1 1 0 0 0 1 0 1 0 0 0 0
0 0 0 0 0 0 1 0 0 0 0 1 0 0 0 1 1 0 0 0 0 1 0 0 0

Matrix 24:
0 0 0 1 0 0 0 0 1 1 1 0 0 1 0 0 0 0 0 1 0 0 0 0 0
0 1 0 1 1 0 0 0 0 0 0 0 0 1 0 1 1 0 0 0 1 1 0 0 2
1 0 0 1 0 0 0 1 0 0 0 1 0 1 0 0 1 1 1 0 0 0 0 0 0
0 0 0 0 0 0 0 0 1 0 0 0 0 1 0 0 1 0 0 0 0 1 1 0 0
1 0 0 0 0 1 1 0 0 0 0 0 0 0 1 1 1 0 0 1 0 0 1 0 0
0 0 0 0 0 0 0 0 0 1 0 0 1 0 1 1 1 1 0 0 0 0 1 0 0
0 0 0 1 0 0 0 1 0 0 0 0 1 0 0 0 1 1 0 0 0 1 0 0 0
0 0 0 0 0 0 1 0 1 1 1 1 0 0 0 0 0 0 0 1 0 0 0 0 0
1 0 0 1 0 0 0 0 1 0 1 1 0 1 0 0 0 0 0 0 0 1 1 0 1
0 1 0 1 0 0 1 1 0 0 1 1 1 1 0 0 0 0 1 0 0 1 0 0 0
0 0 0 0 1 0 0 0 0 1 0 1 1 1 1 0 0 1 0 0 0 1 0 0 0
1 1 1 0 0 0 0 0 1 0 1 1 0 0 1 1 1 0 0 0 0 1 1 0 0
1 1 0 0 1 0 1 0 0 0 0 0 0 1 0 1 0 0 0 0 0 0 0 1 0
0 1 0 0 1 1 0 1 0 0 0 1 0 1 1 0 0 0 0 0 0 1 0 0 1
0 0 1 0 0 0 1 0 1 1 1 0 0 1 0 0 0 0 0 0 0 1 0 0 0
0 0 0 0 1 0 0 0 1 0 1 0 0 0 0 0 0 0 0 1 1 0 1 0 0
0 1 0 1 1 0 0 0 1 0 0 0 0 0 0 1 0 0 0 0 1 0 0 0 0
0 0 1 0 0 0 0 1 1 0 0 0 0 0 0 0 0 0 1 1 0 0 1 0 0
1 0 1 0 0 0 0 0 0 1 1 0 0 0 0 1 0 1 1 1 0 0 0 0 0
0 1 1 0 0 0 0 1 0 1 0 1 0 0 0 0 0 0 0 0 1 0 0 0 1
1 0 0 1 0 0 0 0 1 0 0 1 1 0 0 0 0 1 0 0 0 0 1 0 0
1 0 0 0 0 1 0 0 0 0 0 1 0 1 0 0 0 0 0 0 0 1 0 0 0
0 0 0 0 0 0 0 0 1 0 0 1 1 0 1 0 0 0 0 1 0 0 0 1 0
0 0 0 0 1 3 0 1 0 0 0 0 0 0 0 1 0 0 1 0 1 0 0 1 0
0 0 0 0 1 0 1 0 0 1 0 0 0 0 1 0 0 0 0 0 1 1 1 1 1

Matrix 25:
1 0 0 0 0 0 0 1 0 0 0 1 0 0 1 0 0 0 0 1 0 1 0 1 1
0 0 0 0 0 1 1 0 0 0 1 1 0 0 0 0 0 0 1 0 0 0 0 0 0
0 0 0 1 0 1 1 1 1 1 0 1 0 0 1 0 1 1 0 0 0 0 0 1 0
0 1 0 1 0 0 1 0 0 1 0 0 0 1 0 0 1 0 1 1 0 1 1 0 1
0 0 1 0 0 0 0 0 0 0 0 0 0 0 0 0 1 0 0 0 0 1 0 0 0
0 0 0 1 1 1 1 0 1 0 0 0 1 1 0 1 0 0 0 0 1 1 0 1 1
0 0 1 0 1 0 0 1 0 1 1 0 0 0 1 0 0 0 0 0 0 0 1 0 0
0 0 1 0 0 1 0 1 0 0 0 1 1 0 0 1 1 0 0 0 0 1 1 0 0
0 0 0 1 1 0 0 1 1 0 0 0 0 0 0 1 0 0 0 0 0 0 0 0 1
1 0 0 1 0 0 1 1 0 0 1 0 1 1 0 0 0 0 0 0 0 0 0 0 1
0 0 0 0 1 0 1 0 1 0 0 1 0 0 1 0 0 0 0 0 1 0 0 1 0
0 1 1 0 1 0 0 0 1 0 0 0 1 0 0 0 1 0 1 0 1 0 0 0 0
1 0 0 0 1 0 0 0 0 0 0 0 0 0 0 0 0 0 1 0 0 1 0 0 0
0 0 0 0 0 0 0 0 0 0 0 0 0 1 0 0 0 1 1 0 0 0 0 1 1
1 0 0 0 0 0 0 0 1 0 0 0 0 1 1 1 0 0 0 0 0 0 0 0 0
0 0 0 0 0 0 0 1 0 0 0 0 0 1 1 1 0 1 0 1 0 0 1 0 0
1 0 0 1 0 0 1 0 0 0 0 0 0 1 0 0 0 1 1 0 0 0 0 0 1
0 1 2 0 1 0 1 0 0 0 1 0 0 1 0 0 1 0 0 0 0 1 0 0 1
0 0 0 1 0 0 1 1 1 1 1 0 1 0 0 0 0 1 0 0 0 1 1 1 0
1 0 0 0 0 1 1 0 1 0 1 0 0 1 0 0 0 1 1 1 0 0 0 1 0
1 0 0 0 0 0 0 1 0 1 1 0 0 0 0 0 0 1 1 1 1 1 0 0 0
1 0 0 1 0 0 0 0 0 0 0 0 1 0 0 0 1 1 1 1 0 0 1 1 0
0 1 0 1 0 0 0 1 0 1 0 1 0 0 0 0 3 0 1 0 1 0 0 1 0
0 0 0 0 0 0 0 1 0 1 0 1 0 0 0 1 0 0 0 1 0 1 1 0 0
0 0 0 1 0 0 0 0 0 0 0 1 1 0 0 0 1 0 0 0 0 0 0 0 0

Matrix 26:
1 1 0 0 0 0 0 0 0 0 1 1 1 0 0 0 0 1 1 0 0 0 0 0 1
0 0 0 0 0 1 0 0 0 0 0 0 0 0 1 0 0 1 0 0 0 0 0 0 0
1 1 1 0 1 0 1 0 0 0 1 0 0 0 0 1 0 0 0 1 1 0 0 1 0
0 0 0 1 0 0 1 0 1 0 0 0 0 1 1 1 1 0 0 0 0 0 1 0 0
1 0 0 0 0 0 0 1 1 1 0 0 0 1 0 0 0 1 1 0 0 0 0 0 1
0 1 0 0 0 1 0 1 0 1 0 1 0 0 1 0 1 0 0 0 0 0 0 0 0
1 0 0 0 1 1 1 0 0 1 0 0 0 0 1 0 0 0 1 0 0 0 0 0 1
1 0 0 0 1 0 0 0 0 1 1 1 0 1 0 1 0 1 1 1 0 0 0 0 0
1 0 1 1 0 0 0 1 0 0 1 1 0 0 0 0 0 0 0 0 0 0 1 0 0
0 0 0 1 0 0 1 1 0 1 0 1 0 0 0 0 0 1 0 0 0 0 0 0 1
0 1 1 1 0 0 0 1 0 0 0 0 0 0 0 1 1 0 1 0 0 1 1 1 0
1 0 0 0 0 0 0 0 1 0 0 0 0 1 0 1 0 0 0 0 0 0 1 0 0
0 0 0 0 1 1 0 0 0 0 1 1 0 0 0 1 0 0 0 0 0 0 0 0 0
1 0 1 0 1 0 0 1 1 0 0 0 1 1 0 0 0 0 0 2 0 0 0 1 0
0 1 0 1 1 1 1 1 0 0 0 1 0 0 0 0 0 1 0 0 0 0 0 0 1
0 1 0 0 0 1 1 1 1 0 1 0 0 0 1 0 1 1 1 0 1 0 1 0 0
1 0 0 1 0 0 0 0 0 0 0 0 0 0 1 0 1 1 0 0 0 0 1 0 1
0 0 1 1 1 0 0 1 1 1 0 0 0 1 0 1 1 0 0 0 0 0 0 1 1
0 0 0 0 1 0 0 0 1 0 1 0 0 0 1 0 1 1 1 0 0 0 0 0 0
0 0 0 0 0 0 1 1 0 0 0 0 1 0 0 0 1 0 0 1 0 1 0 0 0
0 0 0 0 0 0 0 0 0 0 0 0 0 0 0 1 0 1 0 1 0 0 1 0 0
0 1 1 0 0 0 0 0 0 0 1 0 0 0 1 0 1 0 0 0 0 0 0 0 1
0 0 0 0 1 0 0 0 0 1 1 1 1 0 0 0 0 0 0 1 0 0 0 0 1
0 0 0 0 0 0 0 0 0 0 0 0 0 0 0 0 1 1 1 0 0 0 0 0 0
1 0 0 0 0 0 0 1 1 1 0 0 1 0 0 1 1 1 0 0 0 1 1 0 0

Matrix 27:
1 0 1 1 1 0 0 1 0 1 0 0 0 0 0 0 0 1 1 0 1 1 0 0 1
0 0 0 0 0 0 0 0 1 0 0 1 0 1 1 0 1 0 0 1 0 0 1 0 0
0 0 0 0 0 0 0 0 1 0 0 0 0 0 0 1 0 0 0 0 0 0 0 1 1
0 1 0 0 0 0 0 0 0 0 0 0 1 1 0 1 1 0 1 0 3 0 1 1 0
0 1 0 1 0 1 0 0 0 0 1 1 0 0 0 0 0 1 1 1 0 0 0 1 1
1 1 1 0 0 0 0 1 1 0 1 0 0 0 0 0 0 1 1 1 0 0 0 0 1
1 0 1 0 0 1 0 0 0 0 1 1 0 0 0 1 0 0 1 0 0 0 0 0 1
0 0 0 0 1 0 0 0 0 0 0 1 0 1 0 0 0 0 0 1 0 0 0 0 0
0 0 1 1 0 0 1 0 0 0 0 0 0 1 1 0 0 1 1 1 1 1 1 0 0
0 0 1 0 0 0 1 0 0 1 1 1 0 1 0 0 1 0 0 1 0 0 0 0 0
0 0 1 0 1 0 0 1 1 0 0 0 0 0 0 0 1 0 1 1 0 0 1 1 0
0 0 0 1 0 0 1 0 0 1 0 0 1 0 1 0 0 0 1 0 0 1 1 0 0
0 0 1 0 0 0 1 1 0 0 0 0 0 0 0 0 0 0 0 0 0 1 1 1 0
1 1 1 0 0 0 0 1 0 0 0 0 0 0 0 0 0 1 1 1 1 0 0 0 0
0 0 1 0 0 0 0 0 0 1 1 0 0 1 1 0 1 1 0 0 0 0 1 0 1
0 0 0 0 0 0 0 0 0 0 0 0 0 1 0 0 0 0 0 0 1 0 1 0 0
0 0 1 1 1 1 1 0 1 1 0 0 1 0 0 1 0 1 0 0 0 1 0 1 1
0 1 0 0 0 0 1 1 1 0 0 0 0 0 0 0 0 1 1 0 0 0 1 1 1
0 0 0 1 0 1 1 0 1 0 0 0 1 0 1 0 1 1 0 0 0 0 0 0 1
1 1 0 1 0 0 0 1 0 1 1 1 0 1 0 0 1 0 0 1 0 0 1 1 0
1 0 0 1 0 0 0 1 0 1 1 0 1 0 0 1 0 0 0 0 0 1 0 1 0
0 0 2 0 0 1 1 0 1 0 1 0 0 1 0 0 1 1 0 0 1 1 1 0 0
0 0 1 0 0 0 0 0 1 0 1 0 1 0 0 1 0 0 0 0 1 1 0 0 1
1 0 0 0 1 0 0 0 0 1 1 0 0 0 0 0 0 1 1 0 1 1 0 0 0
0 0 0 0 0 0 0 0 1 0 0 0 0 0 1 1 0 0 0 0 0 0 0 0 0

Matrix 28:
0 1 0 0 0 0 0 0 0 0 1 1 1 0 0 0 0 0 1 0 0 1 0 1 1
0 0 0 0 1 0 0 0 0 0 1 1 0 0 1 0 0 0 1 0 1 1 0 1 0
0 0 1 0 0 1 1 0 0 1 0 0 0 0 0 1 1 0 0 0 0 0 0 0 0
1 0 1 0 0 1 1 1 1 0 1 1 0 1 0 0 0 0 0 0 0 0 0 1 0
0 1 0 0 0 1 0 0 0 0 0 0 0 1 1 1 1 0 1 1 1 0 0 0 0
0 1 0 0 0 1 0 0 0 1 0 0 0 0 0 0 0 1 3 0 1 0 0 1 1
0 0 1 1 0 1 0 0 0 0 1 0 1 1 0 0 0 0 0 1 1 0 0 0 0
0 0 0 0 0 0 1 1 0 0 1 0 0 0 0 0 0 0 0 0 1 0 1 0 1
0 0 0 0 0 0 1 1 1 1 0 0 0 0 0 0 0 0 0 1 0 0 0 0 0
1 1 0 1 0 1 1 1 0 1 1 1 0 0 1 1 1 0 1 0 1 0 0 1 0
1 0 0 0 0 1 0 0 1 1 0 1 0 0 0 0 1 0 0 0 0 0 1 1 0
0 0 0 1 0 0 1 0 1 0 0 1 0 0 0 1 0 0 0 0 1 0 0 0 0
0 0 1 0 0 1 1 0 0 0 0 0 0 0 0 0 0 1 0 0 1 1 1 0 0
0 0 0 0 0 0 1 0 0 0 1 0 0 0 0 0 1 0 0 0 1 0 0 0 1
0 0 0 0 0 0 0 0 0 0 0 0 0 0 0 0 0 1 0 0 0 0 0 0 0
1 0 0 0 0 1 1 0 0 1 1 1 0 0 0 0 0 0 0 0 1 0 0 0 1
0 0 0 0 1 0 0 0 0 0 1 0 0 1 0 0 0 0 1 0 0 0 1 1 0
1 0 1 0 0 0 0 0 0 1 0 1 0 0 0 0 0 0 0 1 0 1 0 0 0
1 0 0 1 1 0 0 0 0 1 1 1 1 0 0 1 1 0 0 0 0 0 1 0 1
0 1 0 0 0 0 0 0 0 0 1 1 1 1 0 0 1 0 1 0 0 0 1 0 1
0 0 0 1 1 0 0 0 0 1 0 0 0 0 0 0 0 0 0 1 0 0 0 1 0
1 1 0 0 0 1 1 0 0 0 0 2 0 1 1 0 0 0 0 0 0 0 1 0 0
0 0 0 1 0 1 0 0 0 0 0 0 1 1 0 0 1 0 1 1 0 0 1 0 1
0 0 1 1 1 0 0 0 0 1 0 0 0 0 1 0 0 0 1 0 1 1 0 1 0
0 0 0 0 0 0 0 1 1 1 0 0 1 0 1 1 1 0 0 0 1 0 0 0 0

Matrix 29:
0 0 1 0 0 0 1 0 0 1 0 1 1 1 1 1 1 0 0 0 0 3 1 0 1
0 0 1 1 1 0 1 1 0 0 0 0 0 0 1 0 1 1 1 1 1 0 0 0 0
1 0 0 1 0 0 1 0 0 0 0 1 1 0 0 0 0 0 0 1 0 0 0 1 0
0 1 0 0 0 0 0 0 1 0 0 1 0 1 0 1 0 0 1 0 0 0 0 1 0
0 0 1 0 0 0 0 0 1 0 0 1 0 0 0 1 0 1 0 1 0 0 0 0 0
0 0 0 1 0 0 1 0 0 1 0 0 0 0 1 0 1 0 0 0 1 0 1 1 0
0 0 0 1 0 1 0 0 1 0 1 0 1 0 1 0 0 0 0 0 0 0 1 0 0
0 0 1 0 1 0 0 1 0 0 0 0 0 0 0 0 1 0 0 0 0 0 0 1 0
1 0 1 0 0 0 0 0 0 0 1 1 0 0 0 0 0 0 0 0 1 0 0 1 0
0 1 0 0 0 0 0 0 0 1 0 0 1 0 0 1 0 0 0 1 0 0 0 0 0
0 0 0 1 0 0 0 0 0 0 0 0 0 0 0 1 1 0 0 0 0 0 0 0 0
0 1 0 0 1 0 0 0 0 0 1 0 1 0 1 0 0 0 0 0 1 1 0 1 0
1 0 0 1 0 0 1 0 1 1 1 0 0 0 1 0 0 0 1 0 0 1 1 0 0
0 0 1 0 0 0 1 1 1 1 0 0 1 0 0 0 1 1 1 0 0 0 1 0 1
1 1 0 0 0 0 0 0 1 0 0 1 1 1 0 1 0 0 0 0 1 1 0 0 1
0 0 0 0 1 1 0 0 0 0 0 0 1 0 0 0 0 0 0 0 1 1 0 0 0
0 0 2 0 0 1 0 0 0 0 1 0 1 0 0 0 0 0 1 0 1 0 0 0 1
1 0 0 0 1 0 0 0 1 1 0 0 1 1 0 1 0 0 0 0 0 1 0 1 0
0 0 0 0 0 1 0 0 0 0 1 0 0 0 1 1 1 0 0 1 0 0 0 0 0
1 0 0 0 0 0 0 0 0 0 0 0 1 0 0 0 0 0 0 1 0 0 1 0 0
0 1 0 0 0 0 0 1 0 1 0 0 1 0 1 1 0 0 0 0 0 0 0 0 1
0 0 0 0 0 1 0 0 1 1 1 1 0 1 0 0 0 0 0 0 0 1 1 1 0
0 1 1 0 0 0 0 0 1 0 1 0 0 0 1 0 0 0 0 0 0 1 0 0 1
0 0 0 0 0 1 0 0 0 1 0 1 1 0 1 0 1 0 0 0 0 1 0 0 0
0 1 1 0 0 0 0 0 0 1 0 1 0 1 1 1 0 0 0 0 0 0 0 0 0

Matrix 30:
0 0 0 1 1 1 1 0 3 0 0 1 1 1 0 1 0 0 0 1 1 0 0 0 0
0 0 0 0 1 1 1 0 0 0 0 1 0 0 1 1 0 0 0 0 0 0 0 0 0
0 0 0 1 0 0 0 0 1 1 0 1 1 0 0 0 0 1 0 0 1 0 0 1 0
1 0 0 0 0 0 1 1 1 1 0 1 0 1 0 0 0 0 0 1 0 1 0 0 0
0 0 0 0 1 0 0 0 0 1 0 0 0 0 1 1 0 0 0 1 1 0 1 0 1
0 1 1 0 1 1 0 0 0 0 0 0 1 1 0 0 0 0 1 0 1 1 1 0 1
0 0 0 0 0 1 0 1 0 0 0 0 0 0 0 0 1 1 0 0 0 0 1 1 0
1 1 1 0 0 1 1 0 1 0 1 0 1 0 1 0 0 1 0 0 0 1 1 0 1
0 0 0 0 0 0 0 0 0 0 0 0 0 0 0 1 1 0 1 0 0 0 0 1 1
0 0 0 0 0 0 0 0 1 0 0 1 1 1 0 0 0 0 0 0 1 1 0 0 1
0 0 0 0 0 1 0 0 1 1 0 0 1 0 0 0 1 1 1 0 1 0 0 0 0
0 1 0 0 0 0 0 0 0 0 0 0 1 1 0 0 0 0 0 1 0 1 1 0 1
0 1 0 1 0 0 0 0 0 0 1 1 0 1 0 0 0 0 1 1 1 0 0 0 0
0 1 1 0 1 0 0 0 0 0 0 0 0 0 0 0 0 0 0 0 0 0 0 1 0
0 0 1 0 0 1 0 0 0 1 1 1 0 1 0 0 1 0 0 0 1 0 0 0 0
0 0 0 0 0 0 0 1 0 0 0 0 0 0 0 0 1 0 0 0 0 0 0 1 1
1 0 0 0 0 0 0 0 0 0 1 0 0 0 1 1 0 1 1 1 1 0 0 0 0
1 0 0 0 0 1 1 0 0 1 0 1 0 1 0 0 0 0 0 0 0 0 0 1 0
0 0 0 0 1 1 0 1 0 1 1 0 1 0 0 0 0 0 0 0 0 0 0 1 0
0 0 1 0 1 1 0 0 0 0 2 1 0 1 0 0 0 0 0 0 0 0 1 0 1
0 1 0 0 1 0 0 0 1 0 0 0 1 0 1 1 0 1 0 1 0 1 0 1 1
1 1 0 0 0 1 0 0 1 1 0 0 0 1 0 0 0 0 1 0 0 1 1 1 0
0 0 1 0 0 0 0 1 0 1 1 0 1 0 1 0 0 0 0 0 0 1 0 1 0
1 1 0 0 0 0 1 0 1 0 0 1 0 0 0 1 1 1 0 0 0 0 0 0 0
1 1 0 0 0 0 1 1 0 0 0 0 0 0 1 1 0 1 0 0 0 0 1 0 0

Matrix 31:
0 0 1 0 0 1 1 0 0 0 0 0 1 0 1 0 0 0 0 0 1 1 0 0 1
0 0 0 0 0 1 0 0 0 1 0 1 1 1 0 1 1 0 1 0 0 1 0 0 0
0 1 0 0 0 0 1 0 0 0 0 0 0 0 0 0 0 0 0 0 0 0 1 0 0
0 0 1 0 1 0 0 1 1 1 0 0 0 0 0 1 1 1 0 0 0 0 0 0 0
0 1 0 1 0 1 0 0 0 0 1 1 0 1 0 0 0 0 0 1 0 0 0 0 1
1 1 0 0 0 0 0 0 0 0 0 0 1 0 0 0 0 1 0 0 0 0 0 0 0
1 1 1 1 0 1 0 1 0 0 0 1 0 1 0 1 0 0 1 0 0 1 0 0 0
0 0 0 0 0 1 0 0 0 1 0 0 0 1 0 0 0 0 0 1 1 1 0 1 0
0 0 1 1 1 0 0 0 1 0 0 0 0 0 1 0 0 0 0 0 0 0 0 1 0
0 0 0 0 0 0 0 1 0 1 0 1 0 0 0 1 1 1 1 0 1 0 0 1 0
1 1 0 1 1 0 1 0 1 0 1 0 0 1 0 0 1 0 0 0 0 0 0 0 0
0 0 0 1 0 1 0 0 0 0 0 0 0 1 0 1 0 0 0 0 0 1 0 0 0
0 0 0 0 0 0 1 1 1 0 1 1 1 0 3 0 0 0 1 0 0 0 0 0 0
0 0 0 0 0 0 0 0 1 0 1 0 0 1 0 1 0 0 0 0 0 0 1 1 0
0 0 0 0 1 0 0 0 1 0 0 0 0 0 0 1 1 0 0 0 0 0 1 0 0
0 0 0 0 0 0 0 0 0 0 1 0 1 0 0 1 0 1 0 0 0 1 1 1 0
1 0 0 0 0 0 1 1 0 0 0 0 2 0 0 1 0 0 1 0 0 0 1 0 1
1 1 1 1 0 1 1 0 0 0 0 1 1 1 1 0 0 0 1 0 0 0 0 0 1
0 0 0 0 0 1 0 1 0 0 0 1 0 0 1 0 0 1 0 0 0 0 0 0 1
0 0 0 0 0 1 0 0 1 0 0 0 1 0 0 1 0 0 0 1 1 1 0 0 0
0 0 0 0 1 1 1 0 0 0 0 1 0 0 1 0 1 0 0 1 0 1 0 1 0
1 1 0 1 0 0 1 1 0 0 0 0 1 0 0 0 0 0 1 1 1 0 0 0 0
1 0 1 0 0 1 0 0 0 0 0 1 0 0 0 1 1 1 0 0 0 0 0 0 1
1 0 0 1 1 0 1 1 0 0 0 0 0 0 1 0 0 1 0 0 0 0 1 0 1
0 1 0 0 1 0 0 1 0 1 1 1 0 0 0 0 1 1 0 0 0 1 0 0 0

Matrix 32:
1 0 1 0 0 1 0 0 0 1 1 0 0 1 0 0 0 0 0 1 0 1 1 1 0
1 0 0 0 0 1 0 0 1 0 0 0 0 0 0 1 0 0 0 0 0 0 0 0 0
1 0 0 0 0 0 1 0 0 1 0 1 0 0 0 1 0 0 1 1 0 0 0 0 0
0 0 0 1 0 1 1 0 1 0 0 0 0 1 0 0 0 1 0 0 1 0 0 0 1
0 0 0 1 1 0 1 0 1 0 1 1 0 1 1 1 1 0 0 0 0 0 1 0 0
0 0 0 0 0 1 0 0 0 0 0 1 0 0 0 1 0 0 0 1 0 0 0 1 1
1 1 1 0 0 0 0 1 1 0 1 1 0 1 1 0 1 0 1 0 1 0 1 0 0
1 0 1 0 0 0 1 1 0 0 0 0 0 0 0 0 0 1 0 1 1 0 0 1 1
0 1 0 0 0 0 0 1 0 0 0 0 0 0 1 0 1 0 1 1 0 0 0 1 0
0 1 0 0 0 0 0 1 0 0 0 0 0 0 0 0 0 1 1 0 0 0 1 0 1
0 0 0 1 0 1 0 0 1 0 0 0 0 0 0 0 0 0 0 1 0 1 0 1 0
0 1 0 0 0 1 0 0 1 1 0 0 0 0 0 0 1 0 0 0 0 0 0 1 1
1 1 0 0 0 0 1 0 1 0 0 1 0 0 0 1 0 1 0 1 1 1 1 0 0
0 0 0 0 0 0 0 1 0 0 0 0 0 1 1 0 1 1 0 0 0 1 0 0 0
0 1 1 0 0 1 0 0 0 0 0 0 1 0 0 0 0 0 1 0 0 1 0 1 0
0 1 0 0 1 1 1 1 1 0 2 3 0 0 0 0 1 1 0 0 0 1 1 1 0
1 1 1 1 0 1 0 0 0 0 1 0 1 0 1 1 0 0 0 1 1 1 0 0 0
1 1 0 0 1 0 0 0 0 0 0 0 1 0 1 0 0 0 0 1 0 0 0 0 0
0 1 1 1 0 0 0 0 1 0 1 0 1 1 0 0 0 0 0 0 0 0 0 0 0
0 1 0 0 0 0 0 0 0 0 0 0 1 0 0 0 1 0 0 0 0 0 1 1 0
1 0 0 0 1 1 1 0 0 0 0 0 0 0 0 0 0 1 0 0 0 0 0 0 1
0 0 0 0 0 0 0 0 0 0 1 0 0 0 0 1 0 0 0 0 0 1 1 0 0
0 1 0 0 0 1 0 1 1 0 1 0 0 1 0 1 1 0 1 1 0 0 1 1 0
0 0 0 1 0 0 0 1 0 0 0 0 1 0 0 0 0 0 1 0 1 0 0 0 1
1 1 0 1 1 0 0 0 1 0 0 0 0 0 0 0 1 0 0 0 0 1 0 1 0

Matrix 33:
0 0 0 1 0 0 0 1 0 0 0 1 0 0 1 1 0 0 0 0 0 0 0 0 1
0 3 0 0 1 0 1 0 0 1 0 0 0 0 0 0 1 0 0 0 0 0 0 0 0
1 0 0 0 0 0 0 1 0 0 1 1 0 0 0 0 1 0 0 0 0 1 0 0 0
0 0 1 0 0 0 0 1 0 0 0 0 0 1 0 0 1 1 1 0 0 0 1 0 0
0 0 0 0 0 0 0 1 0 0 0 1 0 0 0 0 0 0 1 0 0 1 1 0 1
0 1 1 1 1 0 0 0 0 1 1 1 0 0 1 0 0 0 0 0 1 1 0 0 0
1 0 0 0 0 0 0 0 0 1 0 0 0 0 0 0 0 1 0 0 0 0 0 0 0
0 0 0 0 0 1 1 0 0 0 0 1 0 0 0 0 0 0 0 1 0 0 0 1 0
0 0 0 1 1 0 0 0 1 0 0 1 0 0 0 1 1 0 0 1 0 1 1 1 0
0 0 0 0 0 1 1 0 0 0 0 0 1 1 1 0 0 1 0 1 1 0 0 0 0
0 0 1 0 0 0 0 0 1 0 1 1 0 0 1 1 0 1 1 1 1 0 0 0 0
0 0 0 0 0 0 0 0 0 0 0 0 0 1 0 0 0 0 1 0 1 1 0 1 0
0 0 0 0 0 0 0 0 0 1 0 1 0 0 0 1 0 0 0 0 0 1 1 0 0
1 0 1 0 1 0 0 0 0 1 1 1 0 0 1 0 0 1 1 1 0 1 0 0 0
0 0 0 0 0 1 1 0 1 0 0 0 0 0 0 0 0 1 0 0 1 0 0 1 0
0 0 0 0 1 0 1 0 0 1 1 0 1 1 0 1 0 0 0 0 1 0 1 0 0
0 0 1 0 1 1 0 0 1 0 1 0 1 0 1 0 1 0 0 0 1 0 0 0 0
1 0 0 0 0 1 1 0 0 0 1 1 0 0 0 0 0 1 0 0 1 0 2 1 0
0 1 0 0 1 0 0 0 0 1 0 0 0 0 0 0 0 0 0 1 0 0 0 0 0
0 1 0 1 1 0 0 1 0 1 0 0 0 0 0 1 0 0 0 0 1 0 1 0 0
0 0 1 0 1 0 0 1 1 0 0 0 0 0 0 1 0 1 1 1 0 0 0 0 0
0 1 0 0 1 1 1 0 0 1 1 0 1 1 1 1 1 0 0 1 0 0 1 1 0
1 0 1 0 1 0 0 1 1 1 0 1 0 0 0 0 1 0 0 0 0 0 0 1 1
1 1 0 0 1 1 0 0 1 1 0 1 0 0 0 0 0 0 0 0 0 1 0 0 0
0 1 0 1 0 0 0 1 0 1 0 0 0 0 1 0 0 0 1 0 0 0 0 1 0

Matrix 34:
0 0 0 1 0 0 0 0 1 0 1 0 1 0 0 1 1 0 1 0 0 1 0 1 1
0 0 1 0 0 0 0 3 0 0 0 1 0 0 0 0 1 1 0 1 1 1 0 0 0
0 0 1 0 1 0 1 1 0 0 0 0 0 1 1 0 1 0 0 1 0 1 0 0 0
0 0 1 0 0 1 0 1 0 0 0 0 0 0 0 0 0 0 2 0 0 1 0 1 0
0 0 0 0 0 0 0 1 1 1 0 0 0 0 0 0 0 0 0 1 0 0 1 0 0
0 0 1 0 0 0 0 0 1 1 0 0 1 0 0 1 0 0 0 1 0 0 0 0 0
0 1 0 0 0 0 0 1 0 1 0 1 1 1 0 1 0 1 0 0 0 0 0 0 0
1 0 1 0 1 1 1 1 1 1 0 0 0 1 1 0 1 1 0 0 0 0 1 1 0
0 0 0 0 0 0 0 0 1 0 1 0 0 0 0 1 0 0 1 0 0 0 1 1 0
0 1 0 1 0 0 0 0 0 0 1 0 0 1 1 0 0 1 0 0 0 0 0 1 0
1 0 0 0 0 0 0 0 0 1 0 1 0 1 0 0 0 0 1 0 1 1 0 1 0
0 0 1 1 0 1 1 1 0 0 1 1 0 0 0 0 1 1 0 0 0 0 0 0 1
1 1 0 1 0 0 0 0 1 1 0 1 0 1 0 0 1 0 1 0 0 1 0 1 1
0 0 0 1 0 1 0 1 0 0 0 0 0 1 0 0 0 0 0 0 1 0 1 0 0
1 0 0 0 0 0 0 0 0 1 0 1 0 0 0 1 0 0 0 1 1 0 0 0 0
1 0 1 1 1 0 1 0 0 0 0 0 0 1 1 0 1 1 0 0 0 0 0 0 1
0 0 0 1 0 0 1 0 0 0 0 1 0 1 0 1 0 0 0 0 0 0 0 1 0
0 1 1 0 0 1 0 0 0 1 1 0 0 0 1 1 1 1 1 0 0 1 0 0 0
0 0 1 1 1 1 1 0 0 1 0 1 0 0 1 1 0 0 1 0 0 0 0 0 1
1 0 0 0 0 0 0 0 0 1 1 0 0 0 1 1 1 0 0 0 0 1 0 1 1
0 1 0 0 1 1 0 0 1 0 0 0 0 0 0 0 1 0 0 0 1 0 0 0 0
0 0 1 0 1 0 0 0 0 0 1 1 0 0 0 1 0 1 0 0 0 0 0 0 0
1 0 1 0 0 1 1 0 1 0 0 0 1 1 1 0 0 1 0 0 1 0 0 0 0
0 1 0 1 0 0 0 0 0 0 0 0 0 0 0 1 0 1 1 0 0 1 1 0 0
0 1 1 1 1 0 0 0 1 1 1 0 1 0 0 0 1 0 0 0 0 1 0 1 1

Matrix 35:
0 0 0 0 0 0 0 0 1 0 0 1 0 1 0 0 1 1 0 0 0 0 1 0 0
0 0 0 0 0 0 0 1 1 1 0 0 0 0 1 0 0 0 1 0 0 0 0 0 0
0 0 1 0 1 0 0 1 0 0 0 0 0 0 0 1 2 0 1 0 0 0 0 0 0
0 0 0 0 0 1 0 1 0 0 1 0 0 1 0 0 0 0 0 0 0 0 0 1 0
1 0 0 0 0 0 1 0 0 0 0 1 1 0 0 0 1 0 0 0 1 1 0 0 0
1 0 0 1 0 0 0 0 0 1 0 0 1 0 0 0 1 0 0 0 0 0 1 0 0
0 0 1 0 0 0 0 0 0 0 0 1 0 1 1 0 1 0 0 0 0 0 0 0 0
0 0 0 0 1 0 0 0 1 0 0 0 1 0 0 0 0 0 1 1 0 0 0 1 1
0 0 1 0 1 0 0 0 0 0 0 1 0 0 0 0 0 0 0 0 1 0 0 1 0
0 0 1 0 0 0 0 0 1 0 0 0 0 0 0 0 0 1 0 0 1 0 1 0 1
0 0 0 0 1 1 0 1 0 0 0 0 0 0 0 1 0 0 0 1 0 0 0 0 0
1 0 0 1 0 0 0 0 0 1 0 0 0 0 0 0 0 0 0 1 0 1 0 1 3
0 0 0 0 0 1 0 1 0 0 0 1 0 0 0 1 0 0 1 0 0 0 0 0 1
0 0 0 0 1 1 0 1 0 1 1 1 0 0 0 0 0 0 1 0 0 1 1 0 0
0 1 1 1 0 1 0 1 0 0 0 0 0 1 0 0 0 0 0 1 0 0 0 1 0
1 1 0 0 0 0 0 0 1 0 1 0 0 0 1 0 1 0 0 0 0 1 1 0 1
0 0 0 1 0 0 1 1 0 0 0 0 0 0 0 1 0 0 0 0 0 0 1 0 1
1 1 0 0 0 0 1 1 0 0 1 1 1 0 0 0 0 0 0 0 0 0 1 0 0
0 1 0 1 0 1 0 0 0 0 0 1 0 0 1 0 1 1 0 0 0 0 0 0 0
0 1 0 0 0 0 0 0 0 0 1 0 1 1 0 0 0 1 0 1 0 0 0 0 0
0 0 1 1 0 1 0 0 1 1 0 0 0 0 1 1 0 0 0 1 0 0 1 0 0
0 0 0 1 0 1 0 0 0 1 0 0 0 0 1 0 0 0 0 0 0 0 1 0 0
0 0 1 0 0 0 0 0 1 0 1 0 0 0 0 1 1 0 0 0 0 1 1 1 1
1 0 0 0 0 0 1 0 1 0 1 0 0 0 0 1 0 0 0 0 0 0 0 0 0
0 0 1 0 1 0 0 1 0 0 0 0 1 0 1 0 1 0 0 0 0 0 0 0 0

Matrix 36:
0 0 0 0 0 0 0 0 0 1 0 0 0 1 0 0 0 1 1 1 0 0 0 0 0
0 0 0 0 0 0 0 0 0 0 0 0 0 0 0 0 0 0 0 1 1 1 0 0 0
1 1 0 0 0 0 0 0 1 0 0 1 1 1 0 0 0 0 0 0 0 1 0 1 0
0 0 0 0 0 0 0 0 0 0 0 1 0 1 1 0 0 0 0 1 1 0 0 1 0
0 0 1 0 0 1 1 0 1 1 1 0 0 1 0 0 1 0 1 0 0 0 0 0 1
0 0 0 1 0 1 0 1 0 0 0 0 0 0 0 0 0 0 0 0 0 0 0 0 0
0 0 0 0 1 0 1 0 0 0 1 0 0 0 0 0 1 0 0 1 1 1 0 0 1
0 0 0 0 0 1 0 0 0 0 0 0 1 1 0 0 1 0 0 1 1 1 0 0 0
0 0 1 0 0 0 1 0 0 0 1 0 0 0 1 0 0 1 0 0 0 1 0 0 0
0 0 0 0 1 0 0 0 0 0 0 0 0 0 0 1 0 0 1 0 1 0 1 0 0
1 0 0 0 1 0 0 1 0 0 0 1 0 0 0 0 1 0 1 0 0 0 0 0 1
1 1 0 0 1 0 1 0 0 0 0 1 0 0 1 0 1 0 0 1 0 0 1 0 1
0 0 0 0 0 0 0 0 1 1 0 1 0 0 0 0 0 1 0 0 1 0 1 0 3
0 1 0 0 1 1 0 0 0 0 0 0 0 0 0 0 0 0 0 0 0 0 0 1 0
0 0 1 0 1 1 0 0 1 0 1 1 0 1 1 1 0 0 1 0 0 1 0 0 0
0 0 0 0 1 1 0 0 1 0 0 0 0 0 1 1 0 1 0 0 0 1 1 0 0
0 1 0 0 0 1 0 0 1 1 1 1 2 1 1 0 1 0 0 1 0 1 0 1 1
0 0 0 0 1 1 1 0 0 0 0 0 0 1 0 0 0 1 0 1 0 0 1 1 0
1 1 0 0 0 0 0 0 0 1 0 0 0 0 1 0 0 0 0 0 1 0 0 0 0
1 0 0 1 0 0 0 1 1 0 1 0 0 1 0 1 0 0 1 0 0 0 0 0 0
1 1 1 0 0 1 1 0 1 1 0 1 0 0 0 1 0 1 1 0 0 0 0 0 1
0 0 0 0 0 1 0 0 0 0 1 0 1 0 1 0 0 0 0 0 1 1 0 0 0
0 1 1 0 0 1 0 0 0 0 1 0 0 0 0 1 0 1 0 1 0 1 0 0 0
0 1 0 0 0 0 0 0 0 0 0 1 0 0 0 0 0 1 0 0 0 1 1 1 0
0 1 1 1 0 0 0 1 0 1 0 1 0 0 1 0 0 0 1 0 0 0 0 1 0

Matrix 37:
0 1 0 1 1 0 1 0 0 0 0 0 0 0 0 0 0 0 0 0 0 1 1 1 1
0 1 0 0 0 1 1 0 1 0 0 0 1 0 0 0 0 0 0 0 0 0 0 0 0
1 0 0 0 0 0 0 0 0 0 1 1 0 1 0 0 0 0 0 0 0 0 0 1 0
0 0 1 0 1 0 1 0 0 0 0 0 0 0 0 0 0 0 0 1 0 1 0 0 0
1 1 0 1 0 1 0 0 0 0 1 0 0 0 0 0 0 1 1 1 1 0 1 0 0
0 0 0 1 1 1 0 1 0 0 0 0 0 0 1 1 0 1 0 0 0 0 0 1 0
0 1 1 0 0 1 1 0 0 0 1 1 0 0 0 0 0 0 0 0 1 0 0 0 0
0 1 1 0 1 0 0 0 0 0 0 1 1 0 1 1 0 1 0 0 1 0 0 0 0
0 0 1 0 0 0 0 1 1 0 0 1 0 0 0 0 0 0 0 1 0 0 0 0 0
1 0 0 0 0 0 1 0 0 0 1 0 0 0 1 0 0 0 0 0 0 0 1 0 0
1 0 0 0 0 1 1 1 0 0 0 0 1 1 0 0 0 0 0 0 0 0 1 0 1
1 0 0 0 0 0 1 0 1 0 0 0 1 0 1 1 1 0 0 0 1 0 0 0 0
0 0 1 0 1 1 1 1 1 1 1 0 1 0 0 0 0 0 1 0 1 0 0 0 0
0 0 1 0 1 1 0 0 1 1 0 1 1 1 0 1 0 1 0 0 1 1 0 0 0
0 0 0 1 1 0 1 1 1 0 0 1 1 0 0 1 0 1 1 1 1 1 0 1 1
0 0 0 0 3 1 1 0 0 0 0 0 0 1 0 0 1 0 0 0 1 0 0 0 0
0 0 0 0 1 1 0 1 0 0 0 0 0 0 0 1 0 1 1 0 0 1 1 1 0
0 1 0 0 1 0 1 1 0 0 0 1 0 1 1 0 0 0 0 0 0 0 0 1 0
0 0 0 0 0 0 0 1 1 0 2 0 0 1 0 0 0 0 0 1 0 0 1 1 0
0 0 1 0 0 0 1 0 1 0 0 0 1 0 0 1 1 0 1 0 0 0 0 0 0
0 0 1 0 0 0 1 0 1 0 0 0 1 0 0 0 1 0 1 0 0 1 0 0 0
1 0 1 1 0 1 0 0 0 0 0 0 0 0 1 1 0 0 0 0 0 1 0 0 1
1 0 1 0 0 0 0 0 1 1 0 1 0 0 1 0 1 1 1 0 0 0 1 1 0
0 0 0 0 0 0 0 0 1 0 0 1 0 0 0 0 0 0 0 0 0 1 0 0 1
0 0 1 0 0 0 0 0 0 1 1 1 0 1 0 1 1 0 0 0 0 0 1 1 0

Matrix 38:
0 0 1 0 0 0 0 0 0 0 1 0 0 0 0 0 0 1 0 0 0 0 1 0 0
0 1 1 0 0 0 0 0 0 0 0 0 0 0 0 0 0 0 1 0 0 0 0 0 0
1 1 0 0 0 0 1 1 0 0 0 0 0 0 0 0 0 1 0 0 0 0 0 1 1
0 0 0 0 0 0 0 1 0 1 0 0 0 0 1 0 1 0 0 1 0 1 0 0 0
0 0 0 1 0 0 0 0 0 0 0 0 1 1 1 0 1 0 0 1 0 1 0 0 0
1 0 0 0 1 0 0 1 0 0 1 1 0 1 0 0 0 1 0 0 0 0 0 0 1
0 1 0 0 1 0 0 0 0 0 0 0 0 0 1 0 0 0 0 0 0 0 0 0 0
1 0 1 1 0 1 0 0 0 1 0 1 1 1 0 1 0 0 0 0 0 0 1 1 1
0 0 0 1 0 0 0 0 0 1 0 1 0 0 1 0 1 1 1 0 1 0 0 0 1
1 0 0 1 1 0 0 0 0 1 1 0 0 0 0 1 0 1 0 0 1 0 0 0 1
1 0 1 0 0 0 0 0 1 1 1 0 0 0 0 0 0 0 1 0 0 0 1 1 0
1 0 0 1 0 0 0 0 0 1 1 0 0 0 0 0 0 0 0 0 0 0 1 0 0
0 0 0 1 0 0 1 0 1 1 0 0 0 0 1 0 1 0 1 0 0 0 0 0 1
1 0 0 0 0 0 0 0 1 0 1 0 0 0 1 0 1 0 0 0 1 1 0 0 0
0 0 0 0 0 0 1 0 0 0 1 0 0 0 0 0 0 1 1 1 0 0 0 1 0
0 0 0 0 0 1 1 0 1 0 1 0 0 1 1 0 0 0 0 0 0 0 0 0 0
1 0 0 0 0 0 1 1 0 0 0 0 1 0 0 1 0 1 0 0 1 1 1 0 0
0 0 0 0 2 1 1 1 1 0 0 0 1 0 1 0 0 0 0 0 1 0 0 0 0
1 0 0 0 0 1 0 1 0 0 0 0 0 0 0 0 1 0 1 1 0 0 1 1 1
1 0 0 3 1 0 0 0 1 0 1 0 0 1 1 0 0 0 1 0 0 0 1 0 0
0 0 0 0 1 0 0 1 0 0 0 1 0 0 1 1 0 0 0 0 0 0 0 1 0
0 0 0 0 1 0 1 0 0 0 0 0 0 0 1 1 0 0 0 0 1 0 0 0 1
1 0 1 0 1 1 1 0 1 0 0 0 1 0 0 0 0 1 0 0 0 0 1 1 0
0 0 0 0 0 1 1 1 1 0 0 0 0 0 0 1 0 1 0 0 1 0 0 0 1
1 0 0 0 1 0 1 0 0 1 1 1 0 0 1 0 0 1 0 1 1 1 1 0 1

Matrix 39:
0 0 1 0 0 0 0 1 1 0 0 0 0 0 1 0 0 1 0 0 0 0 1 1 0
0 0 0 0 1 0 1 0 1 0 0 0 0 0 0 0 1 1 0 0 0 0 0 1 1
0 0 0 0 0 1 0 0 1 1 0 0 1 0 0 0 1 0 0 0 1 1 1 0 1
0 0 1 0 0 0 0 0 1 0 1 0 0 0 0 1 0 1 0 0 0 1 0 0 0
0 0 1 0 0 0 0 0 0 0 1 1 0 0 0 0 0 0 0 0 1 0 0 0 0
0 0 0 1 1 0 0 0 0 0 1 0 0 1 0 0 0 1 0 1 0 0 1 0 1
1 0 1 0 0 0 0 1 0 0 0 0 0 0 0 0 0 0 1 1 1 0 0 0 0
0 0 1 1 0 1 0 0 0 1 0 0 0 0 0 0 0 0 0 0 1 0 0 0 0
1 0 1 0 1 1 1 1 1 0 0 1 0 1 1 1 0 1 1 0 1 1 0 0 0
0 0 0 1 1 1 0 0 1 0 0 0 0 0 0 0 0 0 1 0 0 0 1 1 1
1 0 0 0 0 0 0 0 0 1 0 0 1 1 1 0 0 0 0 0 0 0 0 0 1
1 1 0 1 1 0 0 0 0 1 0 1 0 0 1 0 0 1 1 1 1 0 0 0 1
0 0 1 1 0 1 1 0 0 0 1 0 1 3 0 0 1 0 1 1 0 1 0 0 0
0 0 1 0 0 0 0 0 0 1 0 0 1 0 0 0 0 1 0 0 0 0 0 0 0
0 0 1 0 0 0 1 0 0 0 0 1 0 0 0 0 1 0 0 1 0 1 1 0 0
0 1 0 0 0 0 0 0 1 0 0 0 0 1 0 0 0 0 1 1 0 1 0 1 0
1 0 0 0 0 1 1 0 0 0 0 0 0 0 1 0 0 1 0 1 1 0 0 0 1
0 0 0 0 0 1 1 0 0 0 1 1 0 1 0 1 1 1 0 0 0 0 1 1 0
0 0 0 1 0 0 1 0 1 0 0 0 0 0 0 1 0 1 0 0 1 0 1 0 0
0 1 0 0 0 0 0 1 0 0 1 0 0 0 1 1 1 0 0 1 1 0 0 0 0
0 1 1 0 0 1 0 0 0 1 0 0 0 1 0 0 0 1 0 0 0 0 0 1 0
0 1 0 0 1 0 0 1 1 0 1 1 0 0 0 0 1 1 0 1 1 0 0 0 0
0 1 0 0 1 1 0 0 0 1 0 0 0 1 1 0 0 0 0 0 0 0 1 0 0
1 0 0 0 0 1 0 0 0 1 0 0 1 0 1 0 0 1 1 0 1 1 0 0 0
1 2 0 0 0 1 0 0 1 0 0 0 0 0 0 1 0 0 0 0 0 0 1 1 1

Matrix 40:
1 0 0 0 0 0 0 0 0 1 0 1 0 0 0 0 1 0 0 0 0 0 0 0 1
0 1 0 0 0 0 1 0 1 0 0 0 1 1 0 0 0 1 0 1 0 0 0 0 0
0 0 0 1 0 0 0 0 0 0 0 0 0 0 1 0 0 0 0 1 1 1 1 0 0
1 0 0 0 0 1 1 0 0 1 1 1 0 1 0 1 0 0 0 0 0 0 0 0 0
0 1 0 0 1 0 0 1 0 0 0 0 1 0 1 0 0 1 0 0 0 0 0 0 0
0 0 0 0 0 0 0 0 0 0 0 0 0 0 1 0 0 1 0 0 0 0 0 0 1
0 0 1 0 0 1 0 1 1 0 0 0 0 1 0 1 0 1 0 0 1 1 0 1 1
1 0 1 0 1 1 0 0 1 0 0 0 0 0 0 0 0 0 1 0 0 0 0 0 0
0 1 0 0 0 1 0 0 0 0 0 3 0 1 0 0 0 0 0 1 0 1 1 1 0
0 0 0 0 1 0 0 0 0 0 1 0 0 0 1 0 0 1 0 0 0 0 0 0 0
0 0 1 0 0 0 0 0 0 1 1 0 0 0 0 1 0 0 1 0 0 0 1 1 0
0 0 0 0 0 0 0 1 0 0 1 0 0 0 0 0 0 0 0 0 0 1 0 0 0
1 1 0 1 0 0 0 0 1 0 0 0 1 0 0 1 0 1 0 0 0 0 0 1 0
0 0 1 2 0 1 1 0 0 0 0 1 1 1 0 0 1 0 0 0 0 0 1 1 0
0 0 0 0 0 0 1 1 0 0 0 1 1 1 0 0 0 1 0 0 0 0 0 0 1
0 0 0 0 0 0 0 0 0 1 0 0 0 0 0 0 0 1 0 0 1 0 0 0 0
1 1 0 0 1 1 0 1 0 1 0 1 1 0 0 0 0 0 0 0 0 0 0 1 0
0 1 0 1 0 0 0 0 1 1 0 0 0 1 0 1 1 0 0 1 0 0 0 1 1
0 0 1 0 0 1 0 1 0 1 0 1 0 1 0 1 1 1 0 1 1 1 0 0 0
0 0 0 1 1 0 0 0 0 1 0 0 0 0 0 0 0 0 1 0 0 0 1 0 0
1 1 0 0 1 0 0 0 0 0 1 1 1 0 0 1 1 1 0 1 0 0 0 0 1
1 1 1 0 0 0 1 0 0 0 1 0 0 0 1 0 0 0 0 1 1 0 0 0 0
0 0 0 0 0 0 1 1 0 1 0 0 0 0 0 0 1 0 1 1 1 0 1 0 1
0 0 0 0 1 0 1 0 0 0 0 1 0 0 1 0 0 0 0 0 0 1 0 0 0
0 0 1 1 0 1 0 1 0 0 0 0 0 0 1 1 0 0 0 1 1 1 0 0 0

Matrix 41:
0 0 1 0 1 0 0 0 1 1 0 1 0 0 1 0 0 1 0 0 0 1 0 0 0
1 1 0 0 1 0 0 1 0 1 1 1 0 0 1 0 0 1 0 0 0 0 0 0 0
0 1 0 0 1 0 0 0 1 0 0 0 0 0 0 1 0 1 0 0 0 0 0 1 0
0 0 0 0 0 0 1 0 0 1 0 0 0 1 0 0 0 1 0 0 0 0 1 0 0
0 0 0 0 1 0 0 0 0 1 0 0 1 1 0 0 0 0 1 0 0 0 0 0 0
1 1 1 0 0 0 0 1 0 0 1 1 1 0 0 0 1 0 0 0 0 1 0 0 1
0 0 0 0 0 0 0 1 0 0 0 0 1 0 1 0 1 1 0 0 0 1 1 1 1
1 0 0 0 1 0 1 0 0 0 1 0 0 0 1 0 0 0 1 1 0 0 1 0 0
1 0 0 0 0 0 0 0 0 0 0 1 0 0 0 1 0 0 0 0 0 0 0 0 1
1 0 0 1 0 0 0 0 1 0 1 1 0 1 1 0 0 1 0 1 0 0 0 0 0
1 0 0 0 0 1 1 0 0 0 1 0 0 0 1 0 0 1 0 0 0 0 0 1 1
0 1 0 1 0 0 0 0 0 1 0 0 0 0 1 0 0 0 1 1 0 1 1 0 0
0 0 0 0 1 0 0 0 0 0 1 0 0 0 0 1 0 0 0 0 0 1 1 1 0
0 1 0 0 0 0 0 0 1 0 0 0 0 0 1 0 0 1 0 1 1 0 0 1 0
1 1 0 0 0 0 1 0 0 0 0 0 1 1 1 0 0 0 1 1 1 0 0 0 0
0 0 0 1 1 0 0 1 1 1 0 0 0 0 1 0 1 1 0 0 1 0 0 2 1
0 0 0 1 0 0 1 0 1 1 0 1 0 1 0 0 0 0 1 0 0 0 0 0 0
1 1 0 1 0 0 1 0 0 1 0 0 1 0 0 0 0 0 0 0 0 1 1 0 0
0 0 0 0 1 0 0 0 0 0 0 1 0 0 0 0 0 0 0 1 1 1 0 1 0
0 1 0 0 0 0 0 0 0 0 0 0 0 0 1 0 0 0 0 1 0 0 1 0 1
0 0 0 0 0 1 0 0 0 0 0 1 0 0 1 0 0 0 0 1 1 0 0 0 1
0 0 1 1 0 0 0 0 0 1 0 0 1 0 1 0 1 0 0 0 1 1 0 3 0
0 0 0 1 1 0 0 0 0 1 0 0 1 0 0 0 0 1 0 0 0 0 1 1 0
0 0 0 0 0 1 0 0 1 0 0 0 0 1 1 0 0 0 0 0 0 0 0 0 0
0 0 1 0 1 1 0 0 1 0 1 0 0 1 0 1 1 0 0 0 1 0 0 0 0

Matrix 42:
0 0 1 0 0 1 0 0 1 1 0 0 0 0 0 0 0 0 1 1 0 0 0 0 1
0 0 1 0 0 1 0 0 0 0 0 0 1 0 0 0 1 1 0 1 0 0 0 0 0
0 0 1 0 0 0 0 1 0 0 0 0 1 1 0 1 1 0 0 0 0 0 1 0 0
0 0 0 0 0 1 0 0 0 0 1 0 0 1 1 0 0 0 0 0 1 0 1 1 0
0 0 0 1 1 0 0 0 1 1 0 1 0 0 0 0 0 0 1 1 0 0 1 0 0
0 0 1 0 0 0 0 0 0 1 1 0 0 0 0 1 0 0 0 1 1 1 0 1 0
0 0 1 0 0 1 0 0 0 0 0 0 0 1 0 1 0 0 0 0 0 0 0 0 0
0 0 0 0 0 0 1 0 0 0 1 0 0 0 0 0 0 1 1 0 1 0 1 1 0
0 0 0 0 0 0 1 0 0 0 1 0 0 0 0 0 1 1 0 0 0 0 1 1 0
0 0 0 0 0 1 0 1 0 0 0 0 0 1 0 0 0 0 0 0 0 0 0 1 0
0 0 0 0 1 0 0 1 0 0 1 0 0 3 0 0 0 1 0 0 1 0 0 0 1
0 1 0 0 1 0 0 0 0 0 0 0 0 0 0 1 0 0 1 1 1 1 0 0 0
1 1 0 0 1 1 0 1 0 0 0 0 0 1 0 0 0 0 0 0 0 1 1 1 0
1 1 0 1 0 0 0 1 0 1 1 1 0 0 0 0 0 1 0 1 0 0 0 0 0
0 0 0 0 0 1 0 1 0 0 0 1 0 0 1 0 0 1 0 1 0 0 0 0 0
0 0 1 1 0 0 1 1 0 0 0 0 0 0 1 1 0 0 1 1 0 1 0 0 2
0 1 0 0 0 0 1 0 0 0 0 0 0 1 0 1 1 1 1 0 0 1 0 0 1
0 1 0 1 0 1 0 0 0 1 0 0 0 0 0 0 0 0 1 0 0 0 0 0 0
0 0 1 0 1 0 0 1 1 0 0 0 0 0 0 0 1 0 0 0 0 0 1 0 0
0 1 0 0 1 0 1 0 0 0 1 1 0 1 1 1 1 0 1 1 0 0 0 0 0
0 1 0 1 0 0 0 0 0 0 1 1 1 0 0 1 0 0 1 0 0 0 0 0 0
1 0 0 0 0 0 1 0 0 0 0 0 0 0 0 1 0 1 0 1 0 0 0 0 1
0 1 0 0 0 0 1 0 1 0 1 0 0 0 0 0 0 0 0 0 0 0 0 0 0
0 0 1 0 0 0 0 0 0 0 1 1 0 1 0 0 1 1 0 0 0 1 0 0 0
0 0 0 0 0 1 1 1 0 0 0 0 1 0 1 0 1 0 0 0 0 1 0 0 0

Matrix 43:
0 0 0 0 0 0 0 0 0 0 0 0 0 0 0 0 0 1 0 0 1 0 0 0 0
0 1 0 1 0 1 0 0 0 0 0 1 0 1 0 0 0 0 0 1 0 0 1 1 1
0 0 0 0 1 0 0 0 1 1 0 0 0 0 0 0 0 0 0 0 1 1 1 0 0
1 0 0 1 1 0 1 1 0 0 1 1 0 0 0 0 1 1 0 1 1 0 0 0 0
0 1 1 0 0 1 0 0 0 0 1 0 0 0 0 0 0 0 0 0 0 1 1 1 0
1 1 0 0 0 0 0 0 0 0 1 0 0 0 0 0 0 0 1 0 1 2 0 0 0
0 1 1 0 0 0 0 0 0 1 1 1 0 1 0 1 0 1 0 1 1 0 0 0 0
0 0 1 0 1 0 0 0 0 0 1 0 0 0 0 0 0 0 0 0 1 0 0 0 0
0 0 0 1 1 0 0 0 0 0 0 0 0 0 1 0 0 1 0 1 1 1 1 0 0
0 0 1 0 0 1 1 0 0 0 1 0 0 0 1 0 0 0 1 0 0 0 0 0 0
1 1 0 0 0 1 0 0 0 0 1 1 0 0 0 1 0 0 0 0 0 0 0 0 0
0 0 0 1 0 1 1 0 1 1 0 0 0 0 1 0 0 0 0 0 0 0 0 0 0
1 0 0 0 0 0 0 0 0 0 1 1 0 1 1 1 0 0 0 0 0 0 0 1 1
0 0 0 1 0 1 0 0 0 1 0 1 1 0 0 0 0 0 1 0 1 0 1 0 0
0 0 0 1 0 0 0 0 0 0 0 0 0 0 1 0 0 0 1 0 0 1 0 0 0
0 0 1 0 0 0 0 1 0 1 0 0 0 0 0 0 0 1 0 0 1 1 1 0 0
1 0 0 0 0 1 0 1 1 0 0 0 0 1 0 0 0 0 1 0 1 0 1 0 1
0 1 1 0 1 0 1 0 1 3 1 0 0 0 0 0 1 0 0 1 0 0 0 0 0
1 0 0 0 1 1 0 0 1 1 0 0 0 0 0 0 0 0 1 0 0 0 1 0 1
0 0 1 0 0 1 0 0 0 0 0 0 0 0 1 0 1 0 0 0 0 0 0 0 1
0 0 0 1 0 0 0 0 1 1 0 1 0 0 0 0 0 0 0 0 0 1 0 0 1
0 1 1 0 1 0 1 0 0 0 1 0 1 1 1 0 1 1 0 0 1 0 1 1 1
0 0 0 0 0 1 0 1 0 0 1 1 0 1 0 1 0 0 0 1 1 0 0 0 0
0 0 1 0 0 0 0 1 1 0 0 0 0 1 1 0 1 1 0 1 1 1 0 0 0
0 0 0 0 1 0 1 0 1 0 0 1 0 1 0 0 0 1 0 0 0 0 0 0 0

Matrix 44:
0 0 0 0 0 0 0 0 0 0 0 0 1 1 0 0 1 0 0 0 0 1 0 0 0
0 1 0 0 0 1 0 0 1 0 1 0 0 1 0 0 0 1 1 0 0 0 0 2 1
0 0 0 0 0 0 0 0 0 0 0 0 1 0 0 0 0 0 0 1 1 1 0 1 0
0 0 0 0 0 0 0 0 0 0 1 0 1 1 0 0 0 0 1 0 0 0 0 1 1
0 1 0 0 0 1 0 0 0 0 0 0 1 0 0 1 0 0 1 0 0 1 0 0 0
1 1 0 0 0 1 0 0 0 1 1 0 0 1 1 0 0 0 1 0 0 0 0 0 1
1 1 0 1 1 0 0 1 0 0 0 1 0 0 1 1 0 0 0 1 0 0 1 0 1
0 0 1 1 0 0 0 1 0 0 0 0 0 1 1 1 0 1 0 0 0 0 0 1 0
0 1 1 0 0 0 0 0 0 0 1 1 0 1 0 0 1 0 0 0 0 0 1 1 0
0 0 0 0 0 0 0 1 0 1 0 0 0 0 1 0 0 0 0 0 0 1 0 1 0
1 1 0 1 0 0 0 0 0 0 1 0 0 0 0 0 0 0 0 1 0 0 1 0 0
0 1 1 0 0 1 0 0 0 0 0 1 0 0 0 1 0 0 0 0 0 0 0 1 0
0 0 1 0 0 0 0 0 1 1 0 0 0 1 1 0 1 1 0 0 1 0 0 0 0
0 0 1 0 0 1 1 0 1 0 0 1 0 0 0 0 0 0 0 1 0 1 0 0 0
0 0 0 0 0 1 0 1 1 0 0 1 0 1 0 0 0 0 0 0 0 1 0 0 0
1 0 0 0 1 0 0 0 0 0 0 1 0 0 0 0 1 0 0 0 0 1 0 0 0
0 0 0 0 1 0 1 0 1 0 0 1 0 1 0 0 0 0 0 0 1 0 0 0 0
0 0 1 0 0 1 0 1 1 0 1 0 0 0 1 0 1 0 1 1 0 0 1 1 0
0 1 0 0 0 0 1 0 0 0 1 0 1 1 1 0 3 1 1 0 1 0 0 0 0
1 0 0 0 0 0 1 0 0 0 0 0 1 0 1 0 0 0 1 1 0 0 1 0 0
0 0 0 0 0 0 1 1 0 1 0 1 0 0 0 0 1 0 0 1 1 1 0 0 0
0 0 0 1 1 0 0 0 0 0 1 0 0 0 1 0 0 0 0 1 0 0 0 0 0
1 0 0 1 0 0 1 1 1 0 1 0 0 1 0 1 1 1 1 0 0 0 0 0 1
0 1 1 0 0 0 1 0 0 0 0 0 1 0 0 1 1 0 1 1 0 0 0 1 0
0 1 1 0 0 1 0 0 0 0 0 0 0 1 0 1 0 0 1 0 0 1 0 0 1

Matrix 45:
0 0 0 1 1 0 0 1 0 0 1 1 0 0 1 0 0 0 1 1 1 0 0 1 0
0 0 1 0 0 0 0 0 0 1 0 0 1 1 1 1 1 0 0 0 0 0 0 0 1
0 0 1 1 1 0 0 1 0 1 1 0 0 1 0 1 1 1 1 0 1 0 0 0 0
0 0 1 1 0 0 0 1 0 0 0 0 0 0 1 0 0 0 0 1 1 0 0 0 0
1 1 0 0 1 1 1 0 0 0 0 0 0 0 1 1 0 0 0 0 1 0 0 1 1
0 0 0 0 0 1 0 1 0 0 0 1 0 0 0 1 0 1 1 0 0 0 0 0 1
0 0 1 0 0 1 0 1 0 0 1 0 1 0 0 0 0 0 0 0 0 0 1 0 0
0 0 0 0 1 0 0 0 0 1 1 0 1 1 0 0 0 0 0 1 0 0 1 0 0
0 0 0 1 0 0 0 1 1 0 0 0 1 0 0 1 0 0 0 0 1 0 0 1 0
0 1 0 0 1 0 0 1 1 0 0 0 0 0 0 1 0 0 0 0 0 0 1 0 0
0 0 0 0 0 0 1 1 0 0 0 0 1 0 0 1 0 0 1 0 0 0 0 0 0
0 0 1 1 0 1 1 0 0 1 1 0 0 0 0 0 1 1 0 0 0 0 0 0 0
0 0 0 0 0 1 1 0 0 0 1 1 0 1 1 0 0 1 1 0 0 1 0 0 0
0 1 0 0 0 1 0 0 0 0 0 1 0 0 0 0 0 0 0 0 0 0 0 0 0
0 0 0 0 1 0 0 0 0 0 0 1 0 0 0 0 0 0 0 0 0 0 0 0 0
1 0 1 0 0 1 0 0 1 0 0 0 0 0 0 0 1 0 0 0 0 0 0 0 0
1 0 1 0 0 0 0 1 0 1 1 0 0 0 0 0 0 0 0 1 0 0 0 1 1
1 1 0 0 0 0 0 1 0 1 0 0 0 0 1 0 0 1 0 0 0 1 0 0 1
0 0 1 1 0 0 0 0 0 0 0 1 1 1 1 0 1 1 0 0 1 0 0 0 0
0 0 0 0 0 0 1 1 1 0 1 0 0 1 0 1 1 0 0 1 0 0 0 1 0
1 1 3 0 0 0 0 1 0 0 0 0 0 0 1 0 0 1 0 0 1 0 1 1 1
0 0 0 0 0 0 1 0 0 0 1 0 0 0 1 0 1 1 1 0 1 0 0 0 0
0 0 0 0 1 0 1 0 2 0 0 0 0 0 0 0 0 0 1 0 1 0 0 0 0
0 1 0 0 0 1 1 0 0 1 0 0 1 0 1 0 0 0 0 0 0 1 0 0 0
0 1 0 1 0 0 0 0 0 1 0 0 1 0 0 0 0 0 0 0 1 0 0 0 0

Matrix 46:
0 1 0 0 1 0 0 0 0 0 1 0 0 0 1 1 1 0 0 0 0 0 0 1 0
0 1 0 1 0 1 1 1 0 1 1 1 0 0 0 0 0 0 1 1 1 0 0 0 0
0 1 0 0 0 0 0 0 1 1 0 1 0 0 0 0 0 0 1 0 1 1 0 0 1
0 1 0 1 0 1 0 0 0 0 0 1 0 1 1 0 0 0 1 0 2 1 0 1 0
0 0 0 0 0 1 0 0 0 0 1 0 1 1 0 0 0 0 0 0 0 0 1 0 0
1 0 1 0 1 0 1 0 0 0 1 0 0 1 0 1 0 1 0 0 1 0 0 1 0
0 1 0 0 0 1 1 1 0 0 0 0 0 0 0 0 1 1 0 1 0 0 0 1 1
1 1 0 0 1 0 0 1 0 1 0 1 0 0 0 0 0 1 0 1 0 0 0 1 0
1 0 0 0 0 0 0 0 0 0 1 1 0 1 1 0 0 1 0 0 1 0 1 0 1
1 0 0 0 1 1 0 0 0 0 1 0 0 0 1 1 1 0 0 0 0 1 1 0 0
0 0 0 0 0 0 0 0 1 0 1 0 0 0 0 0 0 0 1 0 0 0 0 1 0
1 0 0 0 1 0 0 1 0 0 1 0 0 0 0 1 0 0 0 0 1 0 0 0 0
0 1 0 0 1 0 0 1 1 0 0 1 0 0 1 0 1 1 1 0 1 0 0 1 1
1 0 0 0 0 1 0 1 1 0 0 0 1 0 1 1 0 0 0 1 0 0 0 1 0
0 0 1 1 1 0 0 1 0 0 0 0 1 0 0 0 0 0 0 0 0 0 0 0 1
1 1 1 1 1 0 0 0 0 0 0 0 0 0 0 0 0 0 1 0 0 1 0 1 0
1 0 0 0 0 0 0 1 0 0 1 1 0 1 1 0 0 1 0 0 1 1 0 0 0
1 0 0 0 1 0 0 0 1 0 0 1 3 0 1 0 0 0 0 0 1 0 1 1 0
0 0 0 0 0 0 0 0 1 0 1 0 0 1 0 1 1 0 1 1 0 0 1 0 1
0 0 0 0 0 1 0 0 1 0 0 0 0 1 0 0 1 1 0 0 0 1 0 1 1
0 1 1 0 1 1 1 0 1 1 1 1 0 1 0 0 1 0 0 0 1 1 0 0 0
1 1 0 1 0 1 0 0 1 1 0 0 0 1 1 0 1 1 0 0 0 0 0 1 0
0 1 1 0 0 0 0 0 0 0 0 1 1 1 1 0 1 1 1 0 0 0 0 1 1
0 1 0 0 1 1 0 1 1 0 0 0 0 0 1 0 0 0 1 0 0 0 0 1 0
0 1 0 0 1 0 0 0 0 0 0 0 1 0 0 1 0 1 0 0 0 0 0 0 0

Matrix 47:
0 0 0 0 1 1 0 1 1 0 1 0 0 0 0 1 0 1 1 0 1 1 1 1 0
0 0 0 0 0 0 0 1 0 0 1 0 0 1 0 0 1 0 0 0 0 1 1 0 0
0 0 0 0 0 1 0 1 0 0 1 1 1 0 0 1 1 0 1 1 0 0 1 0 1
0 0 0 0 0 0 0 0 1 1 0 1 0 0 1 0 0 0 0 0 0 0 0 1 0
0 1 0 0 0 0 0 1 0 1 0 0 1 1 0 0 0 1 0 1 0 0 0 1 1
1 1 1 0 0 1 1 0 0 0 0 0 1 0 0 1 0 1 0 0 0 0 0 0 1
0 1 0 1 0 0 0 0 0 0 1 0 1 1 1 0 1 0 0 1 0 1 1 0 0
0 0 0 0 0 1 0 0 0 1 0 0 0 0 1 0 0 0 1 0 1 1 1 0 0
0 0 0 0 0 0 1 0 0 0 0 0 1 1 0 0 0 0 0 0 0 0 0 1 0
0 0 0 1 1 0 0 0 0 1 0 0 0 0 0 0 0 0 0 0 0 1 0 1 0
0 1 0 0 1 1 2 0 0 0 0 0 0 0 0 0 0 1 0 0 0 0 0 1 1
0 0 0 0 0 1 1 1 0 1 0 0 0 0 1 1 1 1 1 0 0 0 0 0 1
1 1 1 0 0 0 0 0 0 0 0 0 0 1 0 0 0 0 0 0 1 0 1 0 1
0 0 0 0 0 0 0 0 0 0 0 0 0 0 0 0 0 1 0 0 0 1 0 1 0
0 0 0 0 3 0 0 0 1 1 1 0 0 0 1 1 0 1 0 0 1 0 0 1 0
0 0 0 0 0 1 0 1 0 0 0 0 0 0 1 0 0 1 1 0 0 0 0 0 0
1 1 0 0 1 1 0 0 1 0 1 0 0 0 1 0 0 0 0 0 1 1 0 0 0
1 0 0 0 0 0 0 0 0 1 1 0 0 0 0 1 1 0 0 0 0 0 0 0 1
1 0 0 0 0 0 0 0 0 1 0 0 0 0 0 1 0 1 0 1 0 0 0 0 1
0 1 0 1 1 0 0 0 0 0 0 0 1 0 0 1 0 0 1 0 0 1 0 0 0
0 0 0 0 1 0 1 1 0 1 1 0 0 1 0 0 0 1 0 0 1 0 0 0 0
0 1 0 0 0 0 0 1 0 0 0 1 0 0 1 0 1 0 1 0 0 1 0 0 1
0 0 0 0 1 0 1 0 0 1 0 1 0 1 0 0 0 0 1 0 0 0 0 1 1
0 0 0 1 0 0 0 0 0 0 0 0 0 0 1 0 1 0 0 0 0 0 0 1 0
0 0 0 1 1 1 0 1 0 0 0 0 1 0 1 1 0 0 0 0 0 1 0 0 1

Matrix 48:
0 0 0 0 0 1 1 0 0 0 1 1 0 0 0 1 0 0 1 0 0 0 1 0 0
1 1 0 0 1 0 0 1 0 1 0 0 0 1 0 0 1 0 1 0 0 0 0 0 0
0 0 0 0 1 0 0 0 0 0 0 0 0 0 0 0 0 1 1 1 1 1 0 0 0
1 0 0 0 1 1 0 1 1 1 1 0 0 0 0 0 1 0 1 1 0 0 1 1 0
1 1 1 0 0 0 1 0 0 0 0 0 1 0 0 1 0 0 0 0 0 0 0 0 0
0 0 0 0 0 0 0 0 0 0 0 0 0 1 1 0 0 0 0 1 0 1 0 0 1
1 1 0 0 0 0 0 1 0 0 1 0 0 0 0 1 0 1 1 0 0 0 1 0 1
0 0 1 0 1 0 0 0 1 1 1 0 1 0 0 0 0 0 0 0 1 0 0 0 0
0 0 0 0 0 0 0 0 0 0 0 0 1 1 1 0 0 0 0 1 0 0 0 1 0
0 0 0 0 0 0 0 0 0 0 1 0 0 1 0 0 0 1 1 1 0 1 1 1 0
1 1 1 0 1 0 0 0 0 0 0 0 0 0 1 0 0 0 0 1 1 1 0 1 0
0 1 0 0 1 1 0 0 0 1 0 0 0 0 0 0 0 0 0 1 0 1 0 0 1
0 1 0 0 0 0 0 0 1 1 1 0 0 1 0 0 1 1 0 1 0 0 0 0 0
0 0 0 0 0 1 0 0 0 0 1 0 1 0 1 0 0 0 0 1 0 0 0 0 1
1 0 1 0 1 1 0 0 0 0 0 0 1 0 1 0 0 1 1 0 1 0 0 0 1
0 0 1 0 1 0 1 0 0 0 1 0 1 1 1 1 0 0 1 0 0 0 1 0 1
1 1 0 1 0 0 1 0 0 0 0 0 0 0 0 0 0 0 1 0 0 1 0 1 0
1 1 0 0 1 0 0 0 1 0 1 0 0 0 1 1 1 0 1 0 1 1 1 1 0
0 0 0 0 1 0 0 3 1 1 0 0 0 1 1 0 0 0 0 1 0 0 1 0 0
1 0 1 1 1 0 0 0 0 0 0 0 0 1 0 0 0 1 1 0 1 1 0 1 0
0 0 0 0 0 1 1 0 0 1 1 0 0 0 0 0 0 0 0 0 0 1 0 1 0
0 0 0 1 0 1 0 0 0 0 0 0 1 1 0 0 1 0 0 0 1 1 0 0 1
0 0 1 0 0 0 0 1 1 0 0 1 0 0 0 0 2 0 0 0 0 0 1 1 0
0 1 1 0 0 0 0 1 0 0 0 0 0 0 0 0 1 1 0 1 0 1 0 0 1
1 1 1 0 0 0 1 0 1 0 1 0 0 0 0 0 0 0 1 1 0 0 1 0 0

Matrix 49:
0 0 1 1 1 0 0 0 1 1 1 1 0 0 0 0 0 0 1 0 0 1 0 0 0
0 0 0 0 0 1 0 0 1 0 0 1 0 1 0 0 1 1 1 0 1 0 1 0 1
0 1 0 0 0 0 0 0 0 0 0 0 0 0 0 0 0 0 0 0 0 0 0 1 0
1 0 0 0 0 0 0 0 1 0 1 0 1 0 1 0 0 0 1 0 0 0 1 0 0
1 1 0 0 0 1 1 0 0 1 0 0 0 0 0 0 1 0 0 0 0 0 0 1 1
1 0 0 1 0 0 1 0 0 0 0 0 1 0 0 0 0 1 0 1 0 1 1 0 1
0 0 0 0 0 1 0 0 0 1 0 1 1 0 0 0 0 0 0 0 1 1 1 0 1
0 0 0 0 0 0 0 0 0 0 0 1 0 1 0 0 0 0 0 0 0 0 0 0 0
1 0 1 0 1 1 0 0 0 1 0 0 0 1 0 0 0 0 0 0 1 0 1 0 1
0 0 0 0 0 0 0 0 0 0 1 0 0 0 0 0 0 0 1 0 0 0 0 0 0
0 0 1 1 1 0 1 1 1 1 1 1 1 1 0 0 0 0 0 0 0 0 0 0 1
0 0 0 0 0 0 0 0 0 0 0 0 0 0 1 1 0 0 0 0 0 0 1 0 0
0 0 0 0 0 0 0 1 0 0 0 1 0 0 0 0 0 0 0 0 0 0 1 0 0
0 0 0 0 0 0 0 0 0 0 0 0 0 1 0 0 1 0 1 0 1 1 0 0 1
1 0 1 1 0 1 0 1 0 3 0 0 0 0 0 1 0 0 1 0 1 0 0 0 0
0 0 1 0 0 0 0 0 1 0 0 1 1 0 1 0 0 1 0 1 0 0 0 0 0
0 1 0 1 1 0 0 0 1 0 0 0 0 0 1 0 0 0 0 1 0 1 0 0 0
0 1 0 0 0 1 0 0 0 0 0 0 0 0 0 0 1 0 0 0 1 0 0 1 1
0 0 0 0 0 0 0 1 1 0 1 1 0 0 0 1 0 0 1 0 0 0 0 0 0
1 0 0 0 0 1 0 0 0 0 1 0 0 0 0 1 1 1 0 1 0 0 0 0 0
0 1 1 1 1 0 0 0 0 0 1 0 1 0 1 0 0 0 0 0 0 0 0 0 0
1 0 0 0 1 1 1 0 0 0 0 0 0 0 1 0 0 1 1 0 0 0 0 2 1
1 0 0 1 1 0 1 1 1 0 0 0 0 0 0 0 1 0 0 0 0 0 0 1 1
0 0 0 0 1 1 1 1 0 0 1 0 1 1 0 0 0 1 0 1 1 0 0 0 0
0 0 0 0 0 1 1 0 1 1 0 0 0 0 0 1 0 0 0 1 1 1 0 0 0

Matrix 50:
0 0 0 0 1 0 0 1 0 0 0 0 1 0 0 0 0 0 0 1 0 0 1 0 1
0 0 1 0 0 0 1 1 1 0 0 0 1 1 0 0 0 1 1 1 0 1 1 1 1
1 0 0 0 1 0 0 1 0 0 0 0 0 0 0 1 0 1 1 0 0 1 0 0 0
1 0 0 0 0 0 1 0 1 0 0 0 0 1 0 1 1 0 1 0 0 0 0 0 0
0 1 0 0 0 1 0 0 0 1 0 1 0 0 0 1 0 0 0 0 0 0 0 0 1
1 0 0 1 0 0 0 1 0 0 0 0 0 0 0 1 0 1 1 1 1 1 0 0 0
0 1 0 0 0 0 0 0 0 0 1 0 0 0 1 0 0 0 1 0 0 0 0 0 0
0 0 1 1 1 1 0 1 0 0 1 0 0 0 0 0 0 0 0 0 1 0 0 0 0
0 1 0 0 0 0 1 1 0 0 1 0 0 0 0 0 0 1 1 0 1 0 1 1 0
1 0 0 0 0 0 0 0 0 1 0 0 0 0 1 1 0 1 1 1 1 0 0 0 0
0 0 0 0 0 0 0 1 0 0 1 0 0 0 0 1 1 0 1 0 0 1 0 0 0
0 0 0 0 0 0 0 0 1 0 1 0 0 0 0 0 1 0 0 1 0 0 0 0 0
0 1 1 0 0 1 1 0 1 0 0 0 1 1 0 1 0 1 0 0 0 0 1 1 0
0 0 0 1 0 0 0 0 1 0 0 0 1 0 0 1 1 0 1 0 1 0 0 1 0
1 0 0 0 0 0 1 0 0 0 1 1 1 0 0 1 1 1 1 1 0 0 0 0 0
0 1 0 1 0 0 0 0 0 0 1 0 0 0 0 1 0 1 0 0 1 0 0 1 0
0 0 0 0 0 0 0 1 0 0 0 0 0 1 1 0 0 0 0 1 0 0 1 0 0
0 0 0 1 0 0 0 0 0 0 0 0 0 0 1 1 0 0 0 0 0 0 0 0 1
0 0 0 0 0 0 1 3 0 1 1 0 1 0 0 1 1 0 0 0 0 0 0 0 0
1 0 1 0 1 0 1 0 0 0 1 0 0 1 0 0 0 0 1 1 0 1 0 0 1
0 0 1 0 1 0 0 0 1 1 1 0 1 1 0 0 0 0 1 1 1 0 0 0 1
0 1 1 0 0 0 1 1 0 1 0 0 0 0 1 0 1 0 0 1 0 0 0 0 0
0 0 0 1 0 0 0 0 0 0 0 0 0 0 1 0 0 1 0 0 0 0 0 0 0
0 0 0 0 0 0 1 0 1 0 0 0 0 0 0 1 0 1 0 0 0 0 0 1 0
1 0 0 0 0 1 0 0 0 0 0 0 0 1 2 0 0 1 0 0 0 0 0 0 0

