No path found for Matrix 1

Matrix 2:
Shortest path: [(34, 26), (35, 26), (35, 25), (36, 25), (36, 24), (36, 23), (36, 22), (36, 21), (35, 21), (35, 20), (34, 20), (34, 19), (34, 18), (34, 17), (33, 17), (32, 17), (31, 17), (31, 16), (31, 15), (30, 15), (29, 15), (28, 15), (27, 15), (26, 15), (25, 15), (24, 15), (23, 15), (23, 14), (22, 14), (21, 14), (20, 14), (20, 13), (19, 13), (18, 13), (18, 14), (17, 14), (16, 14), (15, 14), (14, 14), (13, 14), (12, 14), (12, 13), (12, 12), (11, 12), (11, 11), (11, 10), (11, 9), (11, 8), (11, 7), (10, 7), (9, 7), (9, 6), (9, 5), (9, 4), (8, 4), (8, 3), (8, 2), (8, 1), (7, 1)]
Time taken: 0.0030019283294677734 seconds
Number of steps in the shortest path: 58

No path found for Matrix 3

Matrix 4:
Shortest path: [(5, 12), (5, 13), (4, 13), (4, 14), (4, 15), (4, 16), (5, 16), (5, 17), (5, 18), (6, 18), (6, 19), (6, 20), (7, 20), (8, 20), (9, 20), (10, 20), (11, 20), (11, 21), (12, 21), (12, 22), (13, 22), (13, 23), (13, 24), (14, 24), (15, 24), (16, 24), (16, 25), (16, 26), (17, 26), (18, 26), (19, 26), (20, 26), (20, 27)]
Time taken: 0.002001523971557617 seconds
Number of steps in the shortest path: 32

Matrix 5:
Shortest path: [(18, 21), (18, 22), (18, 23), (18, 24), (18, 25), (18, 26), (18, 27), (18, 28), (18, 29), (19, 29), (20, 29), (21, 29), (22, 29), (22, 30), (23, 30), (24, 30), (25, 30), (26, 30), (26, 31), (27, 31), (27, 32), (27, 33), (28, 33), (28, 34), (28, 35), (28, 36), (28, 37), (29, 37), (29, 38), (30, 38), (31, 38), (32, 38), (33, 38)]
Time taken: 0.0030028820037841797 seconds
Number of steps in the shortest path: 32

Matrix 6:
Shortest path: [(29, 35), (29, 36), (30, 36), (30, 37), (31, 37), (32, 37), (33, 37), (33, 36), (33, 35), (32, 35), (32, 34), (32, 33), (33, 33)]
Time taken: 0.0010006427764892578 seconds
Number of steps in the shortest path: 12

Matrix 7:
Shortest path: [(21, 24), (20, 24), (20, 25), (19, 25), (19, 26), (19, 27), (18, 27), (18, 28), (18, 29), (17, 29), (17, 30), (17, 31), (17, 32), (17, 33), (17, 34), (17, 35), (17, 36), (17, 37), (17, 38), (18, 38), (18, 39), (18, 40), (17, 40), (17, 41)]
Time taken: 0.0010001659393310547 seconds
Number of steps in the shortest path: 23

Matrix 8:
Shortest path: [(35, 15), (34, 15), (33, 15), (32, 15), (31, 15), (30, 15), (29, 15), (28, 15), (27, 15), (27, 16), (26, 16), (26, 17), (26, 18), (25, 18), (24, 18), (23, 18), (22, 18), (21, 18), (21, 19)]
Time taken: 0.0010013580322265625 seconds
Number of steps in the shortest path: 18

Matrix 9:
Shortest path: [(24, 7), (24, 8), (25, 8), (26, 8), (27, 8), (28, 8), (29, 8), (30, 8), (31, 8), (32, 8), (32, 7), (33, 7), (33, 6), (34, 6), (34, 5), (35, 5), (36, 5), (36, 6), (37, 6), (37, 7), (37, 8), (37, 9), (37, 10), (37, 11), (37, 12), (38, 12), (38, 13), (38, 14), (38, 15), (38, 16), (38, 17), (39, 17), (40, 17), (40, 18), (40, 19), (40, 20), (40, 21), (40, 22), (41, 22), (42, 22), (43, 22), (44, 22), (45, 22), (46, 22), (47, 22), (48, 22), (48, 23), (48, 24), (47, 24), (47, 25), (46, 25), (45, 25)]
Time taken: 0.005004405975341797 seconds
Number of steps in the shortest path: 51

Matrix 10:
Shortest path: [(31, 7), (32, 7), (33, 7), (33, 8), (34, 8), (35, 8), (35, 9), (35, 10), (34, 10), (33, 10), (32, 10), (32, 11), (31, 11), (31, 12), (31, 13), (30, 13), (30, 14), (30, 15), (30, 16), (30, 17), (30, 18), (30, 19), (30, 20), (30, 21), (29, 21), (29, 22), (29, 23), (29, 24), (28, 24), (27, 24), (26, 24), (25, 24), (24, 24), (23, 24), (22, 24), (22, 25), (21, 25), (20, 25), (19, 25), (18, 25), (18, 26), (18, 27), (17, 27), (17, 28), (17, 29), (17, 30), (17, 31), (17, 32), (16, 32), (15, 32), (15, 33), (15, 34), (14, 34), (13, 34), (12, 34), (11, 34), (11, 35), (10, 35), (10, 36), (10, 37), (10, 38), (9, 38), (8, 38), (8, 39), (7, 39), (7, 40), (6, 40), (5, 40), (4, 40), (4, 39), (3, 39), (2, 39), (1, 39), (1, 40), (1, 41), (1, 42), (1, 43), (1, 44), (1, 45), (1, 46), (1, 47), (0, 47), (0, 48), (0, 49)]
Time taken: 0.0030024051666259766 seconds
Number of steps in the shortest path: 83

Matrix 11:
Shortest path: [(23, 27), (22, 27), (21, 27), (20, 27), (20, 26), (19, 26), (19, 25), (19, 24), (19, 23), (19, 22), (19, 21), (19, 20), (18, 20), (17, 20), (17, 19), (17, 18), (17, 17), (17, 16), (17, 15), (18, 15), (19, 15), (19, 14), (20, 14), (21, 14), (21, 13), (22, 13), (22, 12), (22, 11), (22, 10), (22, 9), (23, 9), (24, 9), (24, 8), (25, 8), (26, 8), (27, 8), (28, 8), (28, 9), (28, 10), (28, 11), (28, 12), (28, 13)]
Time taken: 0.006005048751831055 seconds
Number of steps in the shortest path: 41

Matrix 12:
Shortest path: [(36, 24), (35, 24), (34, 24), (34, 25), (34, 26), (34, 27), (33, 27), (32, 27), (31, 27), (31, 28), (30, 28), (29, 28), (28, 28), (27, 28), (26, 28), (26, 29), (25, 29), (24, 29), (24, 30), (24, 31), (23, 31), (22, 31), (21, 31), (20, 31), (19, 31), (18, 31), (17, 31), (16, 31), (16, 30), (15, 30), (14, 30), (13, 30), (12, 30), (12, 29), (11, 29), (10, 29), (9, 29), (8, 29), (7, 29), (6, 29), (5, 29), (5, 30)]
Time taken: 0.001001596450805664 seconds
Number of steps in the shortest path: 41

Matrix 13:
Shortest path: [(45, 43), (44, 43), (43, 43), (43, 42), (42, 42), (42, 41), (42, 40), (43, 40), (43, 39), (43, 38), (43, 37), (43, 36), (43, 35), (43, 34), (43, 33), (43, 32), (44, 32), (44, 31), (44, 30), (44, 29), (44, 28), (43, 28), (43, 27), (43, 26), (44, 26), (44, 25), (44, 24), (45, 24), (45, 23), (45, 22), (45, 21), (45, 20), (44, 20), (44, 19), (44, 18), (43, 18)]
Time taken: 0.001001119613647461 seconds
Number of steps in the shortest path: 35

Matrix 14:
Shortest path: [(20, 48), (20, 47), (20, 46), (20, 45), (21, 45), (22, 45), (23, 45), (24, 45), (24, 44), (24, 43), (23, 43), (23, 42), (23, 41), (24, 41), (24, 40), (24, 39), (24, 38), (24, 37), (25, 37), (25, 36), (25, 35), (24, 35), (24, 34), (24, 33), (24, 32), (23, 32), (23, 31), (23, 30), (23, 29), (23, 28), (23, 27), (23, 26), (22, 26), (22, 25), (22, 24), (22, 23), (22, 22), (22, 21), (22, 20), (21, 20), (21, 19), (21, 18), (21, 17), (21, 16), (21, 15), (20, 15), (19, 15), (19, 14), (19, 13), (19, 12), (19, 11), (19, 10), (19, 9), (18, 9)]
Time taken: 0.0030019283294677734 seconds
Number of steps in the shortest path: 53

Matrix 15:
Shortest path: [(18, 22), (18, 23), (18, 24), (17, 24), (16, 24), (15, 24), (14, 24), (14, 25), (14, 26), (15, 26), (16, 26), (17, 26), (18, 26), (18, 27)]
Time taken: 0.0010006427764892578 seconds
Number of steps in the shortest path: 13

Matrix 16:
Shortest path: [(15, 17), (15, 18), (15, 19), (16, 19), (17, 19), (18, 19), (19, 19), (20, 19), (21, 19), (22, 19), (22, 20), (22, 21), (22, 22), (22, 23), (23, 23), (24, 23), (25, 23), (26, 23), (27, 23), (28, 23), (28, 24), (28, 25), (29, 25)]
Time taken: 0.0010006427764892578 seconds
Number of steps in the shortest path: 22

Matrix 17:
Shortest path: [(47, 38), (47, 37), (46, 37), (45, 37), (44, 37), (43, 37), (43, 36), (42, 36), (41, 36), (40, 36), (40, 35), (40, 34), (39, 34), (39, 33), (38, 33), (37, 33), (36, 33), (35, 33), (34, 33), (33, 33), (33, 32), (32, 32), (31, 32), (30, 32), (29, 32), (29, 31), (29, 30), (28, 30), (27, 30), (26, 30), (26, 31), (25, 31), (24, 31), (23, 31), (23, 32), (22, 32), (21, 32), (20, 32), (19, 32), (18, 32), (17, 32), (16, 32), (15, 32), (14, 32), (14, 33), (13, 33), (12, 33), (11, 33), (11, 32), (10, 32), (9, 32), (8, 32), (8, 33), (8, 34), (8, 35), (7, 35), (6, 35), (5, 35), (5, 36), (5, 37), (4, 37), (4, 38), (3, 38), (2, 38), (2, 39), (2, 40), (2, 41), (2, 42), (1, 42), (1, 43), (1, 44), (1, 45)]
Time taken: 0.006005525588989258 seconds
Number of steps in the shortest path: 71

Matrix 18:
Shortest path: [(31, 40), (31, 41), (31, 42), (31, 43), (30, 43), (30, 44), (30, 45), (30, 46), (29, 46), (28, 46), (27, 46), (27, 45), (26, 45), (25, 45), (24, 45), (23, 45), (23, 46), (22, 46), (22, 47), (22, 48), (21, 48), (20, 48), (19, 48), (19, 47), (18, 47), (17, 47), (16, 47), (15, 47), (15, 46), (14, 46), (14, 45), (13, 45), (13, 44), (12, 44), (11, 44), (10, 44), (10, 43), (10, 42), (9, 42), (8, 42), (8, 41), (8, 40), (7, 40), (6, 40), (5, 40), (5, 39), (5, 38), (4, 38), (4, 37), (4, 36), (4, 35), (4, 34), (4, 33), (4, 32), (5, 32), (5, 31), (5, 30), (5, 29), (5, 28), (6, 28), (7, 28)]
Time taken: 0.006005287170410156 seconds
Number of steps in the shortest path: 60

Matrix 19:
Shortest path: [(47, 41), (47, 40), (46, 40), (45, 40), (45, 39), (44, 39), (43, 39), (42, 39), (41, 39), (40, 39), (39, 39), (38, 39), (37, 39), (37, 38), (36, 38), (36, 37), (35, 37), (34, 37), (33, 37), (32, 37), (31, 37), (31, 36), (30, 36), (30, 35), (30, 34), (30, 33), (29, 33), (28, 33), (27, 33), (26, 33), (25, 33), (24, 33), (23, 33), (22, 33), (21, 33), (20, 33), (19, 33), (18, 33), (18, 32), (18, 31), (17, 31), (17, 30), (17, 29), (17, 28), (16, 28), (15, 28), (14, 28), (13, 28), (12, 28), (11, 28), (11, 27), (11, 26), (10, 26), (9, 26), (8, 26), (7, 26), (6, 26), (6, 25), (6, 24), (5, 24), (5, 23), (5, 22), (5, 21), (5, 20), (5, 19), (5, 18), (5, 17)]
Time taken: 0.002002239227294922 seconds
Number of steps in the shortest path: 66

Matrix 20:
Shortest path: [(35, 8), (34, 8), (33, 8), (32, 8), (32, 9), (32, 10), (31, 10), (30, 10), (30, 11), (30, 12), (29, 12), (29, 13), (29, 14), (28, 14), (27, 14), (26, 14), (26, 15), (26, 16), (26, 17), (26, 18), (25, 18), (24, 18), (23, 18), (22, 18), (21, 18), (20, 18), (20, 19), (19, 19), (18, 19), (17, 19), (16, 19), (15, 19), (14, 19), (13, 19), (13, 20), (13, 21), (13, 22), (12, 22), (11, 22), (11, 21), (10, 21), (9, 21), (8, 21), (8, 20)]
Time taken: 0.002001523971557617 seconds
Number of steps in the shortest path: 43

No path found for Matrix 21

Matrix 22:
Shortest path: [(14, 6), (14, 7), (13, 7), (12, 7), (12, 8), (12, 9), (11, 9), (11, 10), (10, 10), (9, 10), (8, 10), (7, 10), (7, 11), (7, 12), (7, 13), (7, 14), (7, 15), (7, 16), (7, 17), (7, 18), (6, 18), (6, 19), (6, 20), (7, 20), (7, 21), (8, 21), (8, 22)]
Time taken: 0.002002239227294922 seconds
Number of steps in the shortest path: 26

Matrix 23:
Shortest path: [(18, 11), (18, 12), (19, 12), (19, 13), (20, 13), (21, 13), (22, 13), (23, 13), (24, 13), (25, 13), (26, 13), (26, 14), (27, 14), (28, 14), (29, 14), (30, 14), (31, 14), (31, 15), (31, 16), (32, 16), (33, 16), (34, 16), (35, 16), (35, 17), (35, 18), (35, 19), (36, 19), (37, 19), (38, 19), (39, 19), (40, 19), (41, 19), (42, 19), (43, 19), (43, 20), (44, 20), (44, 21), (44, 22), (43, 22), (43, 23), (43, 24), (42, 24), (42, 25), (42, 26), (42, 27), (42, 28), (42, 29), (42, 30), (43, 30), (43, 31), (43, 32), (43, 33), (43, 34), (43, 35), (43, 36), (43, 37), (43, 38), (43, 39), (43, 40), (44, 40), (45, 40), (46, 40), (46, 41), (47, 41), (48, 41), (48, 42)]
Time taken: 0.004004001617431641 seconds
Number of steps in the shortest path: 65

Matrix 24:
Shortest path: [(44, 4), (45, 4), (46, 4), (47, 4), (48, 4), (48, 5), (48, 6), (47, 6), (46, 6), (45, 6), (45, 7), (44, 7), (43, 7), (42, 7), (41, 7), (40, 7), (40, 8), (40, 9), (40, 10), (39, 10), (38, 10), (37, 10), (36, 10), (36, 11), (35, 11), (34, 11), (33, 11), (33, 12), (33, 13), (32, 13), (32, 14), (32, 15), (32, 16), (31, 16), (31, 17), (30, 17), (30, 18), (30, 19), (30, 20), (29, 20), (28, 20), (27, 20), (26, 20), (25, 20), (24, 20), (23, 20), (23, 19), (22, 19), (22, 18)]
Time taken: 0.0030024051666259766 seconds
Number of steps in the shortest path: 48

Matrix 25:
Shortest path: [(31, 45), (32, 45), (33, 45), (33, 44), (33, 43), (33, 42), (33, 41), (33, 40), (33, 39), (33, 38), (32, 38), (31, 38), (31, 37), (31, 36), (31, 35), (31, 34), (31, 33), (32, 33), (33, 33), (33, 32), (33, 31), (34, 31), (35, 31), (36, 31), (37, 31), (38, 31), (39, 31), (40, 31), (40, 30), (40, 29), (40, 28), (40, 27), (40, 26), (40, 25), (40, 24), (40, 23), (39, 23), (39, 22), (39, 21), (39, 20), (39, 19), (39, 18), (39, 17), (38, 17), (37, 17), (36, 17), (36, 16), (35, 16), (34, 16)]
Time taken: 0.0030028820037841797 seconds
Number of steps in the shortest path: 48

Matrix 26:
Shortest path: [(37, 31), (36, 31), (36, 32), (35, 32), (34, 32), (34, 33), (34, 34), (34, 35), (34, 36), (33, 36), (32, 36), (31, 36), (30, 36), (29, 36), (29, 35), (28, 35), (27, 35), (26, 35), (26, 36), (25, 36), (24, 36), (23, 36), (22, 36), (21, 36), (20, 36), (20, 35), (20, 34), (20, 33), (21, 33), (21, 32), (21, 31), (21, 30), (22, 30), (23, 30), (24, 30), (25, 30), (26, 30)]
Time taken: 0.003002166748046875 seconds
Number of steps in the shortest path: 36

Matrix 27:
Shortest path: [(41, 43), (41, 42), (40, 42), (39, 42), (38, 42), (37, 42), (37, 43), (37, 44), (37, 45), (36, 45), (35, 45), (35, 46), (35, 47), (35, 48), (34, 48), (34, 49), (33, 49), (32, 49), (31, 49), (31, 48), (31, 47), (31, 46), (30, 46), (29, 46), (28, 46), (27, 46), (27, 45), (26, 45), (25, 45), (24, 45), (24, 44), (23, 44), (23, 43), (23, 42), (22, 42), (21, 42), (21, 41), (20, 41), (19, 41), (19, 40), (18, 40), (17, 40), (16, 40), (15, 40), (14, 40), (14, 39), (13, 39), (12, 39), (12, 38), (12, 37), (11, 37), (10, 37), (9, 37), (9, 36)]
Time taken: 0.0020017623901367188 seconds
Number of steps in the shortest path: 53

Matrix 28:
Shortest path: [(0, 39), (0, 38), (0, 37), (0, 36), (1, 36), (2, 36), (2, 35), (2, 34), (2, 33), (3, 33), (4, 33), (4, 32), (4, 31), (4, 30), (4, 29), (4, 28), (5, 28), (6, 28), (7, 28), (8, 28), (8, 27), (8, 26), (9, 26), (9, 25), (9, 24), (9, 23), (10, 23), (10, 22), (11, 22), (12, 22), (13, 22)]
Time taken: 0.0010013580322265625 seconds
Number of steps in the shortest path: 30

Matrix 29:
Shortest path: [(42, 43), (41, 43), (40, 43), (39, 43), (38, 43), (38, 42), (38, 41), (37, 41), (37, 40), (37, 39), (37, 38), (37, 37), (36, 37), (35, 37), (35, 36), (35, 35), (34, 35), (34, 34), (34, 33), (34, 32), (33, 32), (32, 32), (31, 32), (31, 31), (31, 30), (30, 30), (29, 30), (28, 30), (27, 30), (26, 30), (26, 29), (25, 29), (24, 29), (23, 29), (22, 29), (21, 29), (20, 29), (19, 29), (19, 28), (18, 28), (17, 28), (16, 28), (15, 28), (14, 28), (13, 28), (13, 27), (12, 27), (11, 27), (11, 26), (10, 26), (9, 26), (8, 26), (8, 25), (8, 24), (7, 24)]
Time taken: 0.0020020008087158203 seconds
Number of steps in the shortest path: 54

Matrix 30:
Shortest path: [(20, 2), (19, 2), (19, 3), (18, 3), (17, 3), (17, 4), (17, 5), (18, 5), (18, 6), (18, 7), (19, 7), (19, 8), (20, 8), (21, 8), (21, 7), (22, 7), (23, 7), (23, 6), (24, 6), (25, 6), (26, 6), (26, 7)]
Time taken: 0.001001119613647461 seconds
Number of steps in the shortest path: 21

Matrix 31:
Shortest path: [(11, 30), (12, 30), (13, 30), (14, 30), (15, 30), (15, 31), (16, 31), (17, 31), (18, 31), (19, 31), (20, 31), (21, 31), (22, 31), (22, 30), (23, 30), (24, 30), (24, 31), (25, 31), (26, 31), (27, 31), (28, 31), (29, 31), (30, 31), (31, 31), (32, 31), (33, 31), (33, 32), (33, 33), (33, 34), (34, 34), (34, 35), (34, 36), (34, 37), (35, 37), (36, 37), (37, 37), (37, 38), (38, 38), (39, 38), (40, 38), (41, 38), (41, 39), (42, 39), (43, 39), (43, 40), (44, 40), (44, 41), (45, 41), (46, 41), (46, 42), (46, 43), (47, 43)]
Time taken: 0.0030028820037841797 seconds
Number of steps in the shortest path: 51

Matrix 32:
Shortest path: [(9, 8), (9, 9), (9, 10), (9, 11), (9, 12), (9, 13), (9, 14), (9, 15), (9, 16), (9, 17), (10, 17), (11, 17), (11, 18), (11, 19), (11, 20), (11, 21), (11, 22), (12, 22), (13, 22), (14, 22), (15, 22), (16, 22), (17, 22), (18, 22), (19, 22), (20, 22), (21, 22), (22, 22), (22, 23), (23, 23), (24, 23), (25, 23), (26, 23), (26, 24), (27, 24), (27, 25), (27, 26), (27, 27), (27, 28), (28, 28), (29, 28), (29, 29), (30, 29), (31, 29), (32, 29)]
Time taken: 0.003002643585205078 seconds
Number of steps in the shortest path: 44

Matrix 33:
Shortest path: [(14, 43), (14, 42), (15, 42), (16, 42), (16, 41), (16, 40), (17, 40), (18, 40), (18, 39), (18, 38), (18, 37), (17, 37), (16, 37), (16, 36), (16, 35), (15, 35), (15, 34), (14, 34), (14, 33), (14, 32), (14, 31), (14, 30), (14, 29), (14, 28), (14, 27), (14, 26), (14, 25), (14, 24), (13, 24), (13, 23), (13, 22), (12, 22), (12, 21), (12, 20), (11, 20), (11, 19), (10, 19), (10, 18), (9, 18), (9, 17), (9, 16), (9, 15), (9, 14), (9, 13), (9, 12), (10, 12)]
Time taken: 0.003002643585205078 seconds
Number of steps in the shortest path: 45

Matrix 34:
Shortest path: [(0, 11), (0, 12), (1, 12), (1, 13), (2, 13), (3, 13), (4, 13), (5, 13), (5, 12), (5, 11), (5, 10), (5, 9), (5, 8), (6, 8), (7, 8), (7, 9), (8, 9), (9, 9), (10, 9), (10, 10), (10, 11), (10, 12), (11, 12), (12, 12), (13, 12), (14, 12), (15, 12), (15, 11), (16, 11), (16, 10), (17, 10), (18, 10), (18, 11), (18, 12), (19, 12), (19, 13), (20, 13), (21, 13), (22, 13), (22, 14), (22, 15), (22, 16), (22, 17), (22, 18), (22, 19), (22, 20), (22, 21), (21, 21), (21, 22), (21, 23), (21, 24), (21, 25), (21, 26), (22, 26), (22, 27), (22, 28), (21, 28)]
Time taken: 0.004003763198852539 seconds
Number of steps in the shortest path: 56

Matrix 35:
Shortest path: [(1, 47), (1, 46), (2, 46), (3, 46), (4, 46), (4, 45), (5, 45), (5, 44), (6, 44), (6, 43), (7, 43), (8, 43), (9, 43), (10, 43), (10, 42), (11, 42), (12, 42), (12, 41), (13, 41), (13, 40), (13, 39)]
Time taken: 0.001001119613647461 seconds
Number of steps in the shortest path: 20

Matrix 36:
Shortest path: [(26, 24), (26, 25), (27, 25), (27, 26), (27, 27), (27, 28), (26, 28), (26, 29), (26, 30), (26, 31), (26, 32), (26, 33), (26, 34), (26, 35), (26, 36), (27, 36), (28, 36), (28, 37), (29, 37), (29, 38), (30, 38), (30, 39), (31, 39)]
Time taken: 0.0010008811950683594 seconds
Number of steps in the shortest path: 22

Matrix 37:
Shortest path: [(16, 14), (16, 13), (16, 12), (17, 12), (18, 12), (19, 12), (20, 12), (20, 13), (21, 13), (22, 13), (23, 13), (24, 13), (25, 13), (25, 14), (26, 14), (27, 14), (27, 13), (28, 13), (28, 12), (28, 11), (29, 11)]
Time taken: 0.0010008811950683594 seconds
Number of steps in the shortest path: 20

Matrix 38:
Shortest path: [(15, 44), (16, 44), (17, 44), (17, 43), (17, 42), (18, 42), (18, 41), (18, 40), (18, 39), (18, 38), (18, 37), (18, 36), (18, 35), (18, 34), (18, 33), (18, 32), (19, 32), (20, 32), (21, 32), (22, 32), (23, 32), (23, 31), (24, 31), (25, 31), (26, 31), (26, 30), (26, 29), (27, 29)]
Time taken: 0.001001119613647461 seconds
Number of steps in the shortest path: 27

Matrix 39:
Shortest path: [(10, 8), (10, 7), (10, 6), (11, 6), (12, 6), (13, 6), (13, 5), (14, 5), (15, 5), (16, 5), (17, 5), (17, 6), (17, 7), (17, 8), (17, 9), (17, 10), (17, 11), (17, 12), (17, 13), (16, 13), (16, 14), (16, 15), (16, 16), (15, 16), (14, 16), (14, 17), (13, 17), (12, 17), (11, 17), (10, 17), (9, 17), (8, 17), (7, 17), (6, 17), (6, 18), (6, 19), (6, 20), (5, 20), (5, 21), (4, 21), (4, 22), (4, 23), (4, 24), (4, 25), (4, 26), (4, 27), (4, 28), (4, 29), (4, 30), (4, 31), (3, 31), (3, 32), (2, 32), (2, 33), (2, 34), (3, 34), (3, 35), (3, 36), (3, 37), (4, 37), (4, 38), (4, 39), (4, 40), (4, 41), (4, 42), (4, 43), (4, 44), (5, 44)]
Time taken: 0.0040035247802734375 seconds
Number of steps in the shortest path: 67

Matrix 40:
Shortest path: [(48, 0), (47, 0), (46, 0), (45, 0), (44, 0), (44, 1), (44, 2), (43, 2), (42, 2), (42, 3), (41, 3), (40, 3), (40, 4), (39, 4), (38, 4), (38, 5), (37, 5), (36, 5), (35, 5), (35, 4)]
Time taken: 0.0010004043579101562 seconds
Number of steps in the shortest path: 19

Matrix 41:
Shortest path: [(34, 12), (33, 12), (32, 12), (31, 12), (31, 13), (31, 14), (30, 14), (29, 14), (28, 14), (28, 15), (28, 16), (28, 17), (28, 18), (28, 19), (28, 20), (28, 21), (28, 22), (28, 23), (28, 24), (28, 25), (28, 26)]
Time taken: 0.0010006427764892578 seconds
Number of steps in the shortest path: 20

Matrix 42:
Shortest path: [(29, 33), (29, 32), (28, 32), (27, 32), (26, 32), (25, 32), (24, 32), (23, 32), (22, 32), (21, 32), (20, 32), (19, 32), (18, 32), (17, 32), (16, 32), (16, 31), (15, 31), (14, 31), (13, 31), (12, 31), (12, 30), (12, 29), (11, 29), (11, 28), (10, 28), (10, 27), (10, 26), (10, 25)]
Time taken: 0.001001119613647461 seconds
Number of steps in the shortest path: 27

Matrix 43:
Shortest path: [(48, 6), (47, 6), (47, 5)]
Time taken: 0.0 seconds
Number of steps in the shortest path: 2

Matrix 44:
Shortest path: [(0, 5), (0, 6), (0, 7), (1, 7), (2, 7), (3, 7), (4, 7), (5, 7), (5, 8), (6, 8), (7, 8), (8, 8), (8, 9), (8, 10), (9, 10), (9, 11), (9, 12), (9, 13), (10, 13), (11, 13), (12, 13), (13, 13), (14, 13), (15, 13), (16, 13), (17, 13), (18, 13), (19, 13), (20, 13), (20, 12), (21, 12), (22, 12), (22, 13), (23, 13), (23, 14), (24, 14), (25, 14), (26, 14), (27, 14), (28, 14), (29, 14), (30, 14), (31, 14), (32, 14), (33, 14), (34, 14), (35, 14), (35, 15), (35, 16), (36, 16), (37, 16), (38, 16), (39, 16), (40, 16), (41, 16), (42, 16), (43, 16), (44, 16), (44, 15), (44, 14), (43, 14)]
Time taken: 0.0030028820037841797 seconds
Number of steps in the shortest path: 60

Matrix 45:
Shortest path: [(38, 15), (38, 16), (37, 16), (36, 16), (35, 16), (35, 17), (35, 18), (35, 19), (34, 19), (33, 19), (32, 19), (32, 20), (32, 21), (32, 22), (32, 23), (32, 24), (32, 25), (32, 26), (32, 27), (31, 27), (30, 27), (29, 27), (28, 27), (28, 28), (27, 28), (26, 28), (25, 28), (24, 28), (23, 28), (22, 28), (21, 28), (21, 29), (21, 30), (20, 30), (20, 31), (20, 32), (20, 33), (19, 33), (18, 33), (18, 34), (18, 35), (18, 36), (17, 36), (16, 36), (15, 36), (14, 36), (13, 36), (12, 36), (11, 36), (11, 37), (11, 38), (11, 39), (11, 40), (11, 41), (10, 41), (9, 41), (8, 41), (7, 41), (7, 42), (7, 43), (7, 44)]
Time taken: 0.0009999275207519531 seconds
Number of steps in the shortest path: 60

Matrix 46:
Shortest path: [(38, 0), (37, 0), (36, 0), (35, 0), (35, 1), (35, 2), (35, 3), (35, 4), (35, 5), (35, 6), (35, 7), (35, 8), (35, 9), (34, 9), (33, 9), (32, 9), (32, 10), (32, 11), (32, 12), (31, 12), (30, 12), (30, 13), (29, 13), (28, 13), (27, 13), (26, 13), (25, 13), (24, 13), (23, 13), (22, 13), (21, 13), (21, 12), (20, 12), (19, 12), (18, 12), (17, 12), (16, 12), (15, 12), (15, 11), (15, 10), (15, 9), (14, 9), (13, 9), (12, 9), (11, 9), (10, 9), (9, 9), (9, 8), (9, 7), (9, 6), (8, 6), (7, 6), (6, 6), (5, 6), (5, 7), (4, 7), (3, 7), (2, 7), (1, 7), (0, 7), (0, 8), (0, 9)]
Time taken: 0.003002166748046875 seconds
Number of steps in the shortest path: 61

Matrix 47:
Shortest path: [(33, 13), (32, 13), (31, 13), (31, 14), (30, 14), (29, 14), (29, 15), (28, 15), (27, 15), (26, 15), (25, 15), (25, 16), (25, 17), (25, 18), (24, 18), (23, 18), (23, 19), (22, 19), (21, 19), (20, 19), (19, 19), (18, 19), (17, 19), (17, 20), (16, 20), (15, 20), (14, 20), (13, 20), (12, 20), (12, 21), (12, 22), (12, 23), (11, 23), (10, 23), (10, 22), (10, 21), (10, 20), (9, 20), (8, 20), (8, 21), (7, 21), (7, 22)]
Time taken: 0.0020008087158203125 seconds
Number of steps in the shortest path: 41

Matrix 48:
Shortest path: [(43, 19), (43, 18), (43, 17), (42, 17), (41, 17), (40, 17), (39, 17), (38, 17), (37, 17), (36, 17), (36, 16), (35, 16), (34, 16), (33, 16), (32, 16), (31, 16), (30, 16), (29, 16), (29, 17), (28, 17), (28, 18), (27, 18), (27, 19), (26, 19), (25, 19), (24, 19), (23, 19), (23, 20), (22, 20), (21, 20), (20, 20), (20, 21), (20, 22), (19, 22), (18, 22), (17, 22), (16, 22), (16, 23), (15, 23), (14, 23), (13, 23), (12, 23), (11, 23), (11, 24), (11, 25), (10, 25), (10, 26), (10, 27), (9, 27), (9, 28), (9, 29), (10, 29)]
Time taken: 0.004003286361694336 seconds
Number of steps in the shortest path: 51

Matrix 49:
Shortest path: [(16, 26), (16, 25), (16, 24), (16, 23), (16, 22), (16, 21), (16, 20), (16, 19), (16, 18), (16, 17), (15, 17), (15, 16), (14, 16), (13, 16), (13, 15), (13, 14), (13, 13), (13, 12), (13, 11), (14, 11), (14, 10), (14, 9), (13, 9), (12, 9), (12, 8), (12, 7), (12, 6), (12, 5), (12, 4), (12, 3), (11, 3), (11, 2), (10, 2), (10, 1), (9, 1), (8, 1), (7, 1), (6, 1), (5, 1), (4, 1)]
Time taken: 0.002001523971557617 seconds
Number of steps in the shortest path: 39

